ticker,interval,signal_count,latest_signal,latest_signal_price,current_time,current_price,current_period,test_count_3,success_rate_3,avg_return_3,test_count_5,success_rate_5,avg_return_5,test_count_10,success_rate_10,avg_return_10,test_count_15,success_rate_15,avg_return_15,test_count_20,success_rate_20,avg_return_20,test_count_25,success_rate_25,avg_return_25,test_count_30,success_rate_30,avg_return_30,test_count_40,success_rate_40,avg_return_40,test_count_50,success_rate_50,avg_return_50,test_count_60,success_rate_60,avg_return_60,test_count_80,success_rate_80,avg_return_80,test_count_100,success_rate_100,avg_return_100,max_return,min_return
QQQ,5m,7,2025-06-20 13:50:00,526.29,2025-06-23 15:55:00,531.7,103,7,71.42857142857143,0.004933668213031055,7,57.14285714285714,0.1497061004136954,7,71.42857142857143,0.11041373126598379,7,57.14285714285714,0.1628796097788687,7,42.857142857142854,0.12808840837979615,7,57.14285714285714,0.1689949514813697,7,71.42857142857143,0.23251088578282442,7,57.14285714285714,0.32370916430237867,7,57.14285714285714,0.251745436655954,7,57.14285714285714,0.03530871516780725,7,57.14285714285714,0.28535262092458413,7,57.14285714285714,0.4031833099612747,1.4319559588371267,-1.0273345311667865
QQQ,10m,11,2025-06-23 13:00:00,527.78,2025-06-23 15:50:00,531.7,17,3,66.66666666666666,0.7187294463121695,3,66.66666666666666,0.8524947483631299,3,100.0,1.3979544242698303,3,100.0,1.3775649148546043,3,100.0,1.2808479534604442,3,100.0,1.3039670471209153,3,100.0,1.3330049109954716,3,100.0,1.1512139788731448,3,100.0,0.9875934721677035,3,100.0,0.9289771360559714,3,100.0,0.461549966297486,3,100.0,0.7118743426884766,1.478342504127871,-0.13266852164304915
QQQ,15m,3,2025-06-20 09:30:00,533.2,2025-06-23 15:45:00,531.7,51,1,100.0,0.5074257340564716,1,100.0,0.44540410184715956,1,100.0,0.44259380040619756,1,100.0,0.49991247918369575,1,100.0,0.3271764408186076,1,100.0,0.4078263568651535,1,100.0,0.009405906863627887,1,0.0,-0.14658302903695214,1,0.0,-0.48205272676092914,1,0.0,-0.12965239668242193,1,0.0,-0.3288855629194375,1,0.0,-1.1106884825588104,0.5074257340564716,-1.1106884825588104
QQQ,30m,4,2025-06-20 15:30:00,526.7,2025-06-23 15:30:00,531.7,0,0,0.0,0.0,0,0.0,0.0,0,0.0,0.0,0,0.0,0.0,0,0.0,0.0,0,0.0,0.0,0,0.0,0.0,0,0.0,0.0,0,0.0,0.0,0,0.0,0.0,0,0.0,0.0,0,0.0,0.0,0.0,0.0
QQQ,1h,0,,,2025-06-23 15:30:00,531.7,0,0,0.0,0.0,0,0.0,0.0,0,0.0,0.0,0,0.0,0.0,0,0.0,0.0,0,0.0,0.0,0,0.0,0.0,0,0.0,0.0,0,0.0,0.0,0,0.0,0.0,0,0.0,0.0,0,0.0,0.0,0.0,0.0
QQQ,2h,0,,,2025-06-23 15:30:00,531.7,0,0,0.0,0.0,0,0.0,0.0,0,0.0,0.0,0,0.0,0.0,0,0.0,0.0,0,0.0,0.0,0,0.0,0.0,0,0.0,0.0,0,0.0,0.0,0,0.0,0.0,0,0.0,0.0,0,0.0,0.0,0.0,0.0
QQQ,3h,0,,,2025-06-23 15:30:00,531.7,0,0,0.0,0.0,0,0.0,0.0,0,0.0,0.0,0,0.0,0.0,0,0.0,0.0,0,0.0,0.0,0,0.0,0.0,0,0.0,0.0,0,0.0,0.0,0,0.0,0.0,0,0.0,0.0,0,0.0,0.0,0.0,0.0
QQQ,4h,0,,,2025-06-23 13:30:00,531.7,0,0,0.0,0.0,0,0.0,0.0,0,0.0,0.0,0,0.0,0.0,0,0.0,0.0,0,0.0,0.0,0,0.0,0.0,0,0.0,0.0,0,0.0,0.0,0,0.0,0.0,0,0.0,0.0,0,0.0,0.0,0.0,0.0
QQQ,1d,0,,,2025-06-23 00:00:00,531.65,0,0,0.0,0.0,0,0.0,0.0,0,0.0,0.0,0,0.0,0.0,0,0.0,0.0,0,0.0,0.0,0,0.0,0.0,0,0.0,0.0,0,0.0,0.0,0,0.0,0.0,0,0.0,0.0,0,0.0,0.0,0.0,0.0
QQQ,1w,0,,,2025-06-29 00:00:00,531.65,0,0,0.0,0.0,0,0.0,0.0,0,0.0,0.0,0,0.0,0.0,0,0.0,0.0,0,0.0,0.0,0,0.0,0.0,0,0.0,0.0,0,0.0,0.0,0,0.0,0.0,0,0.0,0.0,0,0.0,0.0,0.0,0.0
SPY,5m,6,2025-06-20 13:50:00,593.72,2025-06-23 15:55:00,600.12,103,6,83.33333333333334,0.07614379777559306,6,50.0,0.04543056684112779,6,50.0,-0.02943385582427938,6,50.0,0.15234643498485015,6,66.66666666666666,0.37699161710494083,6,100.0,0.4754061508993004,6,83.33333333333334,0.3524613212673025,6,83.33333333333334,0.45815718661505106,6,83.33333333333334,0.4448512718687761,6,100.0,0.43363727516687867,6,83.33333333333334,0.5064134275227251,6,66.66666666666666,0.30784674099014736,1.1708301703871364,-0.7130485572466538
SPY,10m,6,2025-06-20 13:50:00,594.04,2025-06-23 15:50:00,600.12,51,3,66.66666666666666,0.3624127185121811,3,33.33333333333333,0.3573337169475226,3,66.66666666666666,0.6946811907691691,3,66.66666666666666,0.47878526686609263,3,66.66666666666666,0.47518855475040045,3,66.66666666666666,0.6215853991620048,3,100.0,0.6618868731908535,3,66.66666666666666,0.3432410885117405,3,100.0,0.5020560420468838,3,100.0,0.42519321099628926,3,100.0,0.4375206870696214,3,100.0,0.7132966010613697,1.2992905666385945,-0.6148505396528425
SPY,15m,2,2025-06-20 09:30:00,599.34,2025-06-23 15:45:00,600.12,0,0,0.0,0.0,0,0.0,0.0,0,0.0,0.0,0,0.0,0.0,0,0.0,0.0,0,0.0,0.0,0,0.0,0.0,0,0.0,0.0,0,0.0,0.0,0,0.0,0.0,0,0.0,0.0,0,0.0,0.0,0.0,0.0
SPY,30m,0,,,2025-06-23 15:30:00,600.12,0,0,0.0,0.0,0,0.0,0.0,0,0.0,0.0,0,0.0,0.0,0,0.0,0.0,0,0.0,0.0,0,0.0,0.0,0,0.0,0.0,0,0.0,0.0,0,0.0,0.0,0,0.0,0.0,0,0.0,0.0,0.0,0.0
SPY,1h,0,,,2025-06-23 15:30:00,600.12,0,0,0.0,0.0,0,0.0,0.0,0,0.0,0.0,0,0.0,0.0,0,0.0,0.0,0,0.0,0.0,0,0.0,0.0,0,0.0,0.0,0,0.0,0.0,0,0.0,0.0,0,0.0,0.0,0,0.0,0.0,0.0,0.0
SPY,2h,0,,,2025-06-23 15:30:00,600.12,0,0,0.0,0.0,0,0.0,0.0,0,0.0,0.0,0,0.0,0.0,0,0.0,0.0,0,0.0,0.0,0,0.0,0.0,0,0.0,0.0,0,0.0,0.0,0,0.0,0.0,0,0.0,0.0,0,0.0,0.0,0.0,0.0
SPY,3h,0,,,2025-06-23 15:30:00,600.12,0,0,0.0,0.0,0,0.0,0.0,0,0.0,0.0,0,0.0,0.0,0,0.0,0.0,0,0.0,0.0,0,0.0,0.0,0,0.0,0.0,0,0.0,0.0,0,0.0,0.0,0,0.0,0.0,0,0.0,0.0,0.0,0.0
SPY,4h,0,,,2025-06-23 13:30:00,600.12,0,0,0.0,0.0,0,0.0,0.0,0,0.0,0.0,0,0.0,0.0,0,0.0,0.0,0,0.0,0.0,0,0.0,0.0,0,0.0,0.0,0,0.0,0.0,0,0.0,0.0,0,0.0,0.0,0,0.0,0.0,0.0,0.0
SPY,1d,0,,,2025-06-23 00:00:00,600.15,0,0,0.0,0.0,0,0.0,0.0,0,0.0,0.0,0,0.0,0.0,0,0.0,0.0,0,0.0,0.0,0,0.0,0.0,0,0.0,0.0,0,0.0,0.0,0,0.0,0.0,0,0.0,0.0,0,0.0,0.0,0.0,0.0
SPY,1w,0,,,2025-06-29 00:00:00,600.15,0,0,0.0,0.0,0,0.0,0.0,0,0.0,0.0,0,0.0,0.0,0,0.0,0.0,0,0.0,0.0,0,0.0,0.0,0,0.0,0.0,0,0.0,0.0,0,0.0,0.0,0,0.0,0.0,0,0.0,0.0,0.0,0.0
SH,5m,14,2025-06-23 14:20:00,41.33,2025-06-23 15:55:00,41.23,19,13,30.76923076923077,-0.009159175666696408,13,53.84615384615385,0.006647425121533986,13,53.84615384615385,0.004384478807520132,13,46.15384615384615,-0.02032164939791372,13,38.46153846153847,-0.06542417345125921,13,30.76923076923077,-0.1044571120719212,13,46.15384615384615,-0.026109140237037785,13,46.15384615384615,-0.08651569754056022,13,30.76923076923077,-0.1185421150495282,13,38.46153846153847,-0.11272748713679079,13,38.46153846153847,-0.15107211333392373,13,38.46153846153847,-0.006282328704991859,1.1161833721464118,-0.766779729950164
SH,10m,7,2025-06-10 15:30:00,41.12,2025-06-23 15:50:00,41.23,314,7,57.14285714285714,0.04998169571021349,7,57.14285714285714,0.04635307422006791,7,42.857142857142854,0.020085002563190717,7,28.57142857142857,0.0028230032487166013,7,14.285714285714285,-0.051078186796673856,7,0.0,-0.19600271552072898,7,28.57142857142857,-0.13197520455083742,7,42.857142857142854,-0.04186455881651082,7,14.285714285714285,-0.24224346207661235,7,14.285714285714285,-0.2069955142914956,7,0.0,-0.16295750520635702,7,28.57142857142857,-0.008980290747080661,0.7124602251139818,-0.5984416511981104
SH,15m,8,2025-06-10 15:30:00,41.12,2025-06-23 15:45:00,41.23,209,8,62.5,0.03022509980289176,8,62.5,0.0026876468642386964,8,12.5,-0.05946204145165693,8,0.0,-0.24698738671576184,8,12.5,-0.18020600322349495,8,12.5,-0.1757527814995452,8,25.0,-0.18156419890819034,8,12.5,-0.22865589858484597,8,12.5,-0.22170285602919737,8,12.5,-0.22796686193554422,8,37.5,-0.2852928455578868,8,37.5,-0.22842189349125588,0.5429713729865019,-0.9901058488412863
SH,30m,5,2025-06-10 13:30:00,41.17,2025-06-23 15:30:00,41.23,108,5,0.0,-0.1501379470279373,5,0.0,-0.22524566100502427,5,0.0,-0.19864383657053644,5,20.0,-0.30496190012986957,5,0.0,-0.35352731998480036,5,0.0,-0.4643082405261185,5,0.0,-0.5616034230802194,5,20.0,-0.26958030045306103,5,40.0,-0.09070100264805417,5,80.0,0.1742382939500764,5,40.0,0.07023658057115259,5,80.0,0.466891621950699,1.1159608705727486,-1.050474220946419
SH,1h,12,2025-06-10 13:30:00,41.19,2025-06-23 15:30:00,41.23,58,7,57.14285714285714,-0.2784170649597952,7,57.14285714285714,-0.19760547204384274,7,28.57142857142857,-0.4570574356759934,7,28.57142857142857,-0.7438939480924479,7,14.285714285714285,-0.8100977373317033,7,0.0,-1.344048948723075,7,14.285714285714285,-1.8214827282523094,7,0.0,-2.4487922692501303,7,0.0,-2.897977712704949,7,0.0,-3.0290343296844426,7,0.0,-4.117087209954571,7,0.0,-3.750437209241471,1.6114198551310708,-7.376236122026709
SH,2h,5,2025-06-09 15:30:00,41.28,2025-06-23 15:30:00,41.23,36,2,50.0,-0.6794078458190405,2,50.0,-0.07417936389932928,2,50.0,0.5572685367667973,2,100.0,0.09662581541558418,2,0.0,-1.6975209205117905,2,0.0,-3.6858932276749403,2,0.0,-4.376766668629418,2,0.0,-4.895324296858627,2,0.0,-4.264512898788842,2,0.0,-3.8893429136719915,2,0.0,-4.773943391450835,2,0.0,-5.890355379563733,1.2733745940894203,-6.262760019617948
SH,3h,3,2025-06-11 12:30:00,41.24,2025-06-23 15:30:00,41.23,0,0,0.0,0.0,0,0.0,0.0,0,0.0,0.0,0,0.0,0.0,0,0.0,0.0,0,0.0,0.0,0,0.0,0.0,0,0.0,0.0,0,0.0,0.0,0,0.0,0.0,0,0.0,0.0,0,0.0,0.0,0.0,0.0
SH,4h,1,2025-06-11 13:30:00,41.16,2025-06-23 13:30:00,41.23,0,0,0.0,0.0,0,0.0,0.0,0,0.0,0.0,0,0.0,0.0,0,0.0,0.0,0,0.0,0.0,0,0.0,0.0,0,0.0,0.0,0,0.0,0.0,0,0.0,0.0,0,0.0,0.0,0,0.0,0.0,0.0,0.0
SH,1d,2,2024-12-09 00:00:00,40.77,2025-06-23 00:00:00,41.23,132,2,100.0,0.343177824149958,2,50.0,-0.0724920227224628,2,50.0,0.18704498567065797,2,50.0,0.6609238719380497,2,50.0,0.8080773891147165,2,100.0,1.6306337917790243,2,50.0,0.6572448006684218,2,100.0,1.1355362449582302,2,50.0,0.6969127593705429,2,50.0,3.8176189483189056,2,100.0,13.919731615258334,2,100.0,9.720110435049682,20.60978888173277,-1.8908089283203164
SH,1w,0,,,2025-06-29 00:00:00,41.23,0,0,0.0,0.0,0,0.0,0.0,0,0.0,0.0,0,0.0,0.0,0,0.0,0.0,0,0.0,0.0,0,0.0,0.0,0,0.0,0.0,0,0.0,0.0,0,0.0,0.0,0,0.0,0.0,0,0.0,0.0,0.0,0.0
TQQQ,5m,7,2025-06-20 13:50:00,72.29,2025-06-23 15:55:00,74.73,103,7,71.42857142857143,0.01869899110708423,7,42.857142857142854,0.43764963083452707,7,71.42857142857143,0.3047322950834947,7,57.14285714285714,0.45966393477163503,7,42.857142857142854,0.31349435803816067,7,57.14285714285714,0.4441592060183984,7,71.42857142857143,0.685412961923935,7,57.14285714285714,0.9565391211982514,7,57.14285714285714,0.7362268386648212,7,57.14285714285714,0.09045369563366377,7,57.14285714285714,0.8306785782618953,7,71.42857142857143,1.2498680377751459,4.250228764550064,-3.1895547495234946
TQQQ,10m,10,2025-06-20 13:50:00,72.44,2025-06-23 15:50:00,74.73,51,3,66.66666666666666,2.1403716176165806,3,66.66666666666666,2.5341023275938457,3,100.0,4.158698821850423,3,100.0,4.1002536479747835,3,100.0,3.8107318929276324,3,100.0,3.881998380772735,3,100.0,3.968408753975954,3,100.0,3.4073455198299416,3,100.0,2.866874023879293,3,100.0,2.696179679270449,3,100.0,1.2276193890597495,3,100.0,1.9480345017094025,4.411167874051345,-0.431008340086542
TQQQ,15m,3,2025-06-20 09:30:00,75.17,2025-06-23 15:45:00,74.73,51,1,100.0,1.488549338415726,1,100.0,1.3016467392167896,1,100.0,1.3016467392167896,1,100.0,1.4486326470663728,1,100.0,0.9745722833325252,1,100.0,1.1881708886622746,1,0.0,-0.04685296764659988,1,0.0,-0.500634144731669,1,0.0,-1.5352800809293348,1,0.0,-0.5473547018175284,1,0.0,-1.2347590351873934,1,0.0,-3.532072078605428,1.488549338415726,-3.532072078605428
TQQQ,30m,4,2025-06-20 15:30:00,72.45,2025-06-23 15:30:00,74.73,0,0,0.0,0.0,0,0.0,0.0,0,0.0,0.0,0,0.0,0.0,0,0.0,0.0,0,0.0,0.0,0,0.0,0.0,0,0.0,0.0,0,0.0,0.0,0,0.0,0.0,0,0.0,0.0,0,0.0,0.0,0.0,0.0
TQQQ,1h,0,,,2025-06-23 15:30:00,74.73,0,0,0.0,0.0,0,0.0,0.0,0,0.0,0.0,0,0.0,0.0,0,0.0,0.0,0,0.0,0.0,0,0.0,0.0,0,0.0,0.0,0,0.0,0.0,0,0.0,0.0,0,0.0,0.0,0,0.0,0.0,0.0,0.0
TQQQ,2h,0,,,2025-06-23 15:30:00,74.73,0,0,0.0,0.0,0,0.0,0.0,0,0.0,0.0,0,0.0,0.0,0,0.0,0.0,0,0.0,0.0,0,0.0,0.0,0,0.0,0.0,0,0.0,0.0,0,0.0,0.0,0,0.0,0.0,0,0.0,0.0,0.0,0.0
TQQQ,3h,0,,,2025-06-23 15:30:00,74.73,0,0,0.0,0.0,0,0.0,0.0,0,0.0,0.0,0,0.0,0.0,0,0.0,0.0,0,0.0,0.0,0,0.0,0.0,0,0.0,0.0,0,0.0,0.0,0,0.0,0.0,0,0.0,0.0,0,0.0,0.0,0.0,0.0
TQQQ,4h,0,,,2025-06-23 13:30:00,74.73,0,0,0.0,0.0,0,0.0,0.0,0,0.0,0.0,0,0.0,0.0,0,0.0,0.0,0,0.0,0.0,0,0.0,0.0,0,0.0,0.0,0,0.0,0.0,0,0.0,0.0,0,0.0,0.0,0,0.0,0.0,0.0,0.0
TQQQ,1d,0,,,2025-06-23 00:00:00,74.7,0,0,0.0,0.0,0,0.0,0.0,0,0.0,0.0,0,0.0,0.0,0,0.0,0.0,0,0.0,0.0,0,0.0,0.0,0,0.0,0.0,0,0.0,0.0,0,0.0,0.0,0,0.0,0.0,0,0.0,0.0,0.0,0.0
TQQQ,1w,0,,,2025-06-29 00:00:00,74.7,0,0,0.0,0.0,0,0.0,0.0,0,0.0,0.0,0,0.0,0.0,0,0.0,0.0,0,0.0,0.0,0,0.0,0.0,0,0.0,0.0,0,0.0,0.0,0,0.0,0.0,0,0.0,0.0,0,0.0,0.0,0.0,0.0
SQQQ,5m,16,2025-06-12 13:40:00,21.87,2025-06-23 15:55:00,22.12,495,16,56.25,0.013741927893311887,16,43.75,0.0075405962645782865,16,75.0,0.0020006933105038427,16,50.0,-0.0869223743745381,16,56.25,0.014770988918046665,16,50.0,-0.05025374388255609,16,50.0,0.072560816278066,16,43.75,-0.26615931394481657,16,43.75,-0.3700575559964397,16,50.0,-0.19083751797928572,16,31.25,-0.3715607473950343,16,25.0,-0.5107993234974123,4.501450975247947,-4.176431007302792
SQQQ,10m,10,2025-06-10 10:50:00,22.17,2025-06-23 15:50:00,22.12,342,10,50.0,-0.12115287547381182,10,40.0,-0.20363422378435353,10,20.0,-0.2910845205756739,10,0.0,-0.5927048543363905,10,20.0,-0.6584759323739151,10,20.0,-0.7301891145455459,10,50.0,-0.3761001541890752,10,30.0,-0.9323288460217061,10,20.0,-0.8943013083324548,10,40.0,0.06272121206395125,10,20.0,-0.9041271458654802,10,10.0,-1.1636088260196231,4.072808371178845,-4.678598151184047
SQQQ,15m,5,2025-06-10 13:15:00,22.06,2025-06-23 15:45:00,22.12,218,5,80.0,0.6157879538585898,5,60.0,0.25791447658576466,5,20.0,-0.1186091878558081,5,40.0,0.09097930444718152,5,40.0,-0.3555513722416607,5,60.0,-0.015220245043117319,5,60.0,0.41136447745391996,5,20.0,-0.7754359105758601,5,20.0,-0.9517712674776921,5,20.0,-0.8140886466804407,5,20.0,-0.47897916491643766,5,40.0,-0.07731121976830062,3.885252321928736,-3.1085708758978448
SQQQ,30m,4,2025-06-10 13:00:00,22.06,2025-06-23 15:30:00,22.12,109,4,25.0,-0.04809960317870504,4,25.0,0.04231595254844339,4,25.0,-0.41611159062762115,4,50.0,-0.11419687627965969,4,25.0,-0.7538427899541655,4,25.0,-1.3989573549062113,4,0.0,-0.9056644191439959,4,25.0,-0.47272346119710157,4,50.0,-0.03603731946616956,4,75.0,0.3477558872038771,4,75.0,0.43692692670252214,4,75.0,0.9907435778429416,2.6801484070659956,-3.1085708758978448
SQQQ,1h,12,2025-06-11 13:30:00,22.17,2025-06-23 15:30:00,22.12,51,7,57.14285714285714,-0.5866949212939164,7,71.42857142857143,-0.3666957479083854,7,42.857142857142854,-1.2788752383866329,7,28.57142857142857,-2.318964695244941,7,14.285714285714285,-2.984351456345697,7,0.0,-5.1569977113493035,7,14.285714285714285,-7.168422709187969,7,0.0,-9.233974742999097,7,0.0,-11.116648789060699,7,0.0,-12.166132490946614,7,0.0,-15.85377723369321,7,0.0,-16.037369766421623,6.8644124703004,-28.476117738163797
SQQQ,2h,8,2025-06-11 13:30:00,22.17,2025-06-23 15:30:00,22.12,29,5,40.0,-1.3334472977071632,5,40.0,-1.767942985296489,5,20.0,-2.6199727109297353,5,20.0,-4.824305192711975,5,0.0,-7.10249781075149,5,0.0,-10.456589719329871,5,0.0,-12.578647490364428,5,0.0,-21.121360384584523,5,0.0,-22.27058907026905,5,0.0,-22.70773749488667,5,0.0,-23.887218776514985,5,0.0,-27.196332963932242,4.899085894056574,-30.431565415495733
SQQQ,3h,5,2025-06-11 12:30:00,22.17,2025-06-23 15:30:00,22.12,22,2,50.0,-0.64219389869198,2,50.0,0.10835003562881163,2,50.0,-1.099275841930834,2,0.0,-7.272887832290112,2,0.0,-15.444958330131414,2,0.0,-18.787995590442712,2,0.0,-19.829115475281128,2,0.0,-19.632420980780942,2,0.0,-19.689623589638387,2,0.0,-21.22714698162204,2,0.0,-25.41610008193915,2,0.0,-23.6179470252737,3.848823177804176,-27.32422759213349
SQQQ,4h,0,,,2025-06-23 13:30:00,22.12,0,0,0.0,0.0,0,0.0,0.0,0,0.0,0.0,0,0.0,0.0,0,0.0,0.0,0,0.0,0.0,0,0.0,0.0,0,0.0,0.0,0,0.0,0.0,0,0.0,0.0,0,0.0,0.0,0,0.0,0.0,0.0,0.0
SQQQ,1d,4,2025-02-21 00:00:00,28.03,2025-06-23 00:00:00,22.12,83,3,33.33333333333333,-1.5169380634934326,3,33.33333333333333,-3.0332604992410723,3,0.0,-3.869227664901446,3,33.33333333333333,-1.688583497211571,3,33.33333333333333,-5.7427285947467,3,0.0,-5.160974130985853,3,33.33333333333333,-4.362071619728152,3,0.0,-10.741495230699938,3,33.33333333333333,-9.232501199468976,3,33.33333333333333,1.762940498259173,3,66.66666666666666,24.984551236959447,3,100.0,7.338192927920423,80.18821717286244,-20.94913857568263
SQQQ,1w,0,,,2025-06-29 00:00:00,22.12,0,0,0.0,0.0,0,0.0,0.0,0,0.0,0.0,0,0.0,0.0,0,0.0,0.0,0,0.0,0.0,0,0.0,0.0,0,0.0,0.0,0,0.0,0.0,0,0.0,0.0,0,0.0,0.0,0,0.0,0.0,0.0,0.0
FNGB,5m,11,2025-06-20 15:55:00,20.67,2025-06-23 15:55:00,21.3,78,10,70.0,-0.07194506725431662,10,70.0,0.28210940605927687,10,60.0,0.3121728563160088,10,60.0,-0.0004798707704559979,10,40.0,-0.4452606888344703,10,20.0,-0.5865929630816136,10,30.0,-0.7164134692927037,10,50.0,-0.49095217337326263,10,50.0,-0.5750879134198683,10,30.0,-0.7472471482867306,10,40.0,-0.641042075037087,10,50.0,-0.119930395873351,4.149675220013061,-4.03075399823308
FNGB,10m,2,2025-06-23 09:50:00,20.58,2025-06-23 15:50:00,21.3,0,0,0.0,0.0,0,0.0,0.0,0,0.0,0.0,0,0.0,0.0,0,0.0,0.0,0,0.0,0.0,0,0.0,0.0,0,0.0,0.0,0,0.0,0.0,0,0.0,0.0,0,0.0,0.0,0,0.0,0.0,0.0,0.0
FNGB,15m,0,,,2025-06-23 15:45:00,21.3,0,0,0.0,0.0,0,0.0,0.0,0,0.0,0.0,0,0.0,0.0,0,0.0,0.0,0,0.0,0.0,0,0.0,0.0,0,0.0,0.0,0,0.0,0.0,0,0.0,0.0,0,0.0,0.0,0,0.0,0.0,0.0,0.0
FNGB,30m,0,,,2025-06-23 15:30:00,21.3,0,0,0.0,0.0,0,0.0,0.0,0,0.0,0.0,0,0.0,0.0,0,0.0,0.0,0,0.0,0.0,0,0.0,0.0,0,0.0,0.0,0,0.0,0.0,0,0.0,0.0,0,0.0,0.0,0,0.0,0.0,0.0,0.0
FNGB,1h,0,,,2025-06-23 15:30:00,21.3,0,0,0.0,0.0,0,0.0,0.0,0,0.0,0.0,0,0.0,0.0,0,0.0,0.0,0,0.0,0.0,0,0.0,0.0,0,0.0,0.0,0,0.0,0.0,0,0.0,0.0,0,0.0,0.0,0,0.0,0.0,0.0,0.0
FNGB,2h,0,,,2025-06-23 15:30:00,21.3,0,0,0.0,0.0,0,0.0,0.0,0,0.0,0.0,0,0.0,0.0,0,0.0,0.0,0,0.0,0.0,0,0.0,0.0,0,0.0,0.0,0,0.0,0.0,0,0.0,0.0,0,0.0,0.0,0,0.0,0.0,0.0,0.0
FNGB,3h,0,,,2025-06-23 15:30:00,21.3,0,0,0.0,0.0,0,0.0,0.0,0,0.0,0.0,0,0.0,0.0,0,0.0,0.0,0,0.0,0.0,0,0.0,0.0,0,0.0,0.0,0,0.0,0.0,0,0.0,0.0,0,0.0,0.0,0,0.0,0.0,0.0,0.0
FNGB,4h,0,,,2025-06-23 13:30:00,21.3,0,0,0.0,0.0,0,0.0,0.0,0,0.0,0.0,0,0.0,0.0,0,0.0,0.0,0,0.0,0.0,0,0.0,0.0,0,0.0,0.0,0,0.0,0.0,0,0.0,0.0,0,0.0,0.0,0,0.0,0.0,0.0,0.0
FNGB,1d,1,2025-04-09 00:00:00,13.19,2025-06-23 00:00:00,21.28,0,0,0.0,0.0,0,0.0,0.0,0,0.0,0.0,0,0.0,0.0,0,0.0,0.0,0,0.0,0.0,0,0.0,0.0,0,0.0,0.0,0,0.0,0.0,0,0.0,0.0,0,0.0,0.0,0,0.0,0.0,0.0,0.0
FNGB,1w,0,,,2025-06-29 00:00:00,21.28,0,0,0.0,0.0,0,0.0,0.0,0,0.0,0.0,0,0.0,0.0,0,0.0,0.0,0,0.0,0.0,0,0.0,0.0,0,0.0,0.0,0,0.0,0.0,0,0.0,0.0,0,0.0,0.0,0,0.0,0.0,0.0,0.0
SOXL,5m,5,2025-06-18 15:35:00,21.62,2025-06-23 15:55:00,21.57,160,5,60.0,-0.26136546305776365,5,60.0,0.2715933619451131,5,80.0,0.731090668179305,5,80.0,1.28811348215862,5,60.0,0.4650945597716049,5,60.0,0.2866019711972707,5,60.0,1.0694566558973102,5,60.0,1.303791497711233,5,60.0,1.2546218647970913,5,60.0,1.881095721202626,5,60.0,1.3108673546814773,5,60.0,2.5410786082517904,11.527024066162776,-4.744127296567731
SOXL,10m,6,2025-06-23 13:00:00,20.99,2025-06-23 15:50:00,21.57,17,4,50.0,0.7484200484007313,4,50.0,1.6531809265795805,4,75.0,4.9709572185738775,4,75.0,4.801287875486395,4,75.0,4.728111574377985,4,75.0,4.570396440956114,4,75.0,4.432536321486648,4,75.0,3.22461254005921,4,75.0,4.034530920551256,4,75.0,2.416308114532635,4,75.0,2.2054687823346297,4,75.0,3.9282026994645705,10.23991926390968,-11.756240466241984
SOXL,15m,3,2025-06-20 09:30:00,22.15,2025-06-23 15:45:00,21.57,51,1,100.0,3.9691261881211317,1,100.0,4.514753783598483,1,100.0,4.4444154352016465,1,100.0,4.872174851035272,1,100.0,3.9453658051918747,1,100.0,4.278065558531723,1,100.0,4.653535814221908,1,100.0,3.493836941040618,1,100.0,2.471968232703443,1,100.0,4.481483808264498,1,100.0,4.238612988326409,1,100.0,0.07177067975998841,4.872174851035272,0.07177067975998841
SOXL,30m,0,,,2025-06-23 15:30:00,21.57,0,0,0.0,0.0,0,0.0,0.0,0,0.0,0.0,0,0.0,0.0,0,0.0,0.0,0,0.0,0.0,0,0.0,0.0,0,0.0,0.0,0,0.0,0.0,0,0.0,0.0,0,0.0,0.0,0,0.0,0.0,0.0,0.0
SOXL,1h,3,2025-04-21 15:30:00,8.68,2025-06-23 15:30:00,21.57,301,3,33.33333333333333,-1.5215515292747785,3,33.33333333333333,-5.412968901872468,3,33.33333333333333,2.6806306827521635,3,33.33333333333333,9.320141373269152,3,100.0,20.783984057890056,3,100.0,26.651456482822898,3,100.0,30.3689076967939,3,100.0,32.18595798105891,3,100.0,33.707861429859086,3,100.0,40.89685172946627,3,100.0,40.5830318381588,3,100.0,64.16680019882128,94.55990348992049,-11.60427800941353
SOXL,2h,2,2025-04-21 15:30:00,8.68,2025-06-23 15:30:00,21.57,172,2,50.0,-2.854963701134156,2,50.0,9.83711512390545,2,100.0,26.724026558532458,2,100.0,35.116949730651385,2,100.0,37.71974273353486,2,100.0,31.195216574105082,2,100.0,34.9164079760062,2,100.0,47.491410530824524,2,100.0,51.26519806931229,2,100.0,75.53976901469322,2,100.0,104.28048730443672,2,100.0,85.30565488759038,108.17971266716768,-8.935730664098049
SOXL,3h,0,,,2025-06-23 15:30:00,21.57,0,0,0.0,0.0,0,0.0,0.0,0,0.0,0.0,0,0.0,0.0,0,0.0,0.0,0,0.0,0.0,0,0.0,0.0,0,0.0,0.0,0,0.0,0.0,0,0.0,0.0,0,0.0,0.0,0,0.0,0.0,0.0,0.0
SOXL,4h,0,,,2025-06-23 13:30:00,21.57,0,0,0.0,0.0,0,0.0,0.0,0,0.0,0.0,0,0.0,0.0,0,0.0,0.0,0,0.0,0.0,0,0.0,0.0,0,0.0,0.0,0,0.0,0.0,0,0.0,0.0,0,0.0,0.0,0,0.0,0.0,0.0,0.0
SOXL,1d,1,2024-09-11 00:00:00,31.97,2025-06-23 00:00:00,21.58,194,1,0.0,-0.186224816071899,1,0.0,-3.351963172382723,1,100.0,11.121457928475161,1,100.0,8.696293853537108,1,100.0,20.04475074735705,1,100.0,7.141710063644659,1,100.0,5.089663756142072,1,100.0,6.084600722349698,1,0.0,-15.64843842465152,1,0.0,-9.46120138361274,1,100.0,1.3023985102491955,1,0.0,-13.632614594747311,20.04475074735705,-15.64843842465152
SOXL,1w,0,,,2025-06-29 00:00:00,21.58,0,0,0.0,0.0,0,0.0,0.0,0,0.0,0.0,0,0.0,0.0,0,0.0,0.0,0,0.0,0.0,0,0.0,0.0,0,0.0,0.0,0,0.0,0.0,0,0.0,0.0,0,0.0,0.0,0,0.0,0.0,0.0,0.0
BTC,5m,9,2025-06-23 11:00:00,45.18,2025-06-23 15:55:00,45.73,59,6,50.0,-0.17022169178958987,6,16.666666666666664,-0.15284953721576733,6,66.66666666666666,0.29495573002386144,6,50.0,0.2377825956845908,6,66.66666666666666,0.3373243171276936,6,66.66666666666666,0.14922564120050658,6,50.0,0.06063384771048245,6,50.0,0.002649780084335446,6,33.33333333333333,-0.13670335054833108,6,33.33333333333333,-0.29098128686865693,6,33.33333333333333,-0.5523507408853733,6,33.33333333333333,-0.5893378937226437,4.301737470635934,-2.442479656614541
BTC,10m,2,2025-06-17 13:10:00,45.91,2025-06-23 15:50:00,45.73,133,2,100.0,0.2799313642279361,2,100.0,0.31067771493389607,2,50.0,-0.12277190150535144,2,50.0,0.07951083979251639,2,50.0,0.14930739622239153,2,50.0,0.1905364415889375,2,50.0,0.31112692388443675,2,50.0,-0.44591721895888203,2,50.0,-0.45003851431140723,2,50.0,0.6317053315321857,2,50.0,0.06042651952843758,2,50.0,-0.4846216202682016,1.9167960597691855,-1.654761005601066
BTC,15m,5,2025-05-30 14:00:00,46.17,2025-06-23 15:45:00,45.73,397,5,40.0,-0.11683584984055309,5,60.0,-0.03874405566896464,5,0.0,-0.7667471845760714,5,20.0,-0.8747286484626802,5,0.0,-0.9684566449321554,5,20.0,-1.1088063874536727,5,20.0,-0.9968364467797703,5,20.0,-0.7154573921301528,5,40.0,-0.38523139734836054,5,80.0,0.5760138633740002,5,20.0,-0.32683795071241295,5,20.0,-0.5756469555800068,2.252547014885665,-2.185449969554459
BTC,30m,2,2025-06-20 15:30:00,45.76,2025-06-23 15:30:00,45.73,13,1,100.0,0.7368880734406122,1,100.0,1.0507200964604173,1,100.0,0.43346503161056293,1,100.0,3.4026868565075232,1,100.0,4.153663018865803,1,100.0,4.345472680186161,1,100.0,4.736020300076294,1,100.0,5.938451917451736,1,100.0,4.623968733702379,1,100.0,4.0212399436344155,1,100.0,3.2509753355924986,1,0.0,-0.4768123615374007,5.938451917451736,-0.4768123615374007
BTC,1h,4,2025-06-18 09:30:00,46.65,2025-06-23 15:30:00,45.73,20,1,100.0,0.9836082660115671,1,100.0,1.9398987124875058,1,0.0,-4.945348726922905,1,0.0,-5.368853099754338,1,0.0,-7.18578514498456,1,0.0,-0.10928170081307254,1,0.0,-4.7267749026262,1,100.0,1.3934485177399063,1,100.0,3.196174462997956,1,100.0,2.240436418061654,1,100.0,10.245902066502891,1,100.0,15.337981149558027,15.337981149558027,-7.18578514498456
BTC,2h,1,2025-04-04 09:30:00,36.8,2025-06-23 15:30:00,45.73,215,1,100.0,1.1684791143765474,1,0.0,-5.461952073925517,1,0.0,-7.6086937367126986,1,0.0,-0.8967337586928192,1,0.0,-1.1141300432398016,1,100.0,1.6847797411375407,1,100.0,1.3586956803424604,1,100.0,6.46739434091722,1,100.0,12.03804455711623,1,100.0,12.907608963253372,1,100.0,12.93478868183444,1,100.0,23.913041900822225,23.913041900822225,-7.6086937367126986
BTC,3h,1,2025-04-04 12:30:00,37.31,2025-06-23 15:30:00,45.73,160,1,0.0,-7.129455238552509,1,0.0,-7.361036288903955,1,0.0,-2.25140745556021,1,0.0,-0.5360513416722278,1,100.0,0.9646143132630097,1,100.0,0.18761643593593966,1,100.0,3.6585307250797574,1,100.0,11.21682499210426,1,100.0,11.257027053472116,1,100.0,12.343065497153393,1,100.0,22.889297203145045,1,100.0,32.08254346132182,32.08254346132182,-7.361036288903955
BTC,4h,1,2025-04-04 13:30:00,37.23,2025-06-23 13:30:00,45.73,106,1,0.0,-8.796663313052832,1,0.0,-3.8947106655063757,1,0.0,-0.1917799881778196,1,100.0,1.5847439157729588,1,100.0,4.029008913358418,1,100.0,10.770889566305906,1,100.0,12.812249574035715,1,100.0,12.20790233555176,1,100.0,21.188558449144697,1,100.0,25.651354699122024,1,100.0,26.484020229883924,1,100.0,24.630679818406882,26.484020229883924,-8.796663313052832
BTC,1d,2,2025-04-11 00:00:00,37.16,2025-06-23 00:00:00,45.74,0,0,0.0,0.0,0,0.0,0.0,0,0.0,0.0,0,0.0,0.0,0,0.0,0.0,0,0.0,0.0,0,0.0,0.0,0,0.0,0.0,0,0.0,0.0,0,0.0,0.0,0,0.0,0.0,0,0.0,0.0,0.0,0.0
BTC,1w,0,,,2025-06-29 00:00:00,45.74,0,0,0.0,0.0,0,0.0,0.0,0,0.0,0.0,0,0.0,0.0,0,0.0,0.0,0,0.0,0.0,0,0.0,0.0,0,0.0,0.0,0,0.0,0.0,0,0.0,0.0,0,0.0,0.0,0,0.0,0.0,0.0,0.0
ETH,5m,10,2025-06-23 12:35:00,20.92,2025-06-23 15:55:00,21.8,40,9,44.44444444444444,-0.3549136049879934,9,55.55555555555556,-0.49934729966455715,9,55.55555555555556,-0.2563018816932269,9,66.66666666666666,0.04246321136352001,9,77.77777777777779,0.27841711560985516,9,66.66666666666666,0.014820989353617864,9,44.44444444444444,-0.48120807437285573,9,33.33333333333333,-1.0721408448640004,9,22.22222222222222,-2.2112422623682133,9,22.22222222222222,-2.415576712715447,9,22.22222222222222,-1.8994810347621214,9,22.22222222222222,-2.0271608608218172,7.873852075317164,-9.505848494932144
ETH,10m,7,2025-06-18 15:10:00,23.57,2025-06-23 15:50:00,21.8,82,6,33.33333333333333,-0.7140307776633263,6,50.0,-0.6377880412364262,6,50.0,-0.23164146573846733,6,66.66666666666666,0.2846438108179578,6,66.66666666666666,0.010317952959997267,6,66.66666666666666,-0.06867879700184569,6,66.66666666666666,-0.19180907028810545,6,66.66666666666666,0.47244152909056397,6,50.0,0.0757783543440706,6,66.66666666666666,0.5462026139418189,6,33.33333333333333,-0.5057707522121349,6,33.33333333333333,-2.343530943407965,5.029332878852508,-8.29081940895873
ETH,15m,2,2025-06-17 13:15:00,23.33,2025-06-23 15:45:00,21.8,88,1,100.0,0.40360487283596674,1,100.0,0.2933767520267777,1,100.0,0.5867535040535554,1,100.0,0.6705777171803344,1,100.0,0.08381621920983008,1,100.0,4.069567222126651,1,100.0,3.667225388168619,1,100.0,3.3109764793382825,1,100.0,3.185248153565063,1,100.0,4.987420772289119,1,100.0,2.7451750316079475,1,0.0,-1.1286691279404024,4.987420772289119,-1.1286691279404024
ETH,30m,1,2025-06-17 14:30:00,23.53,2025-06-23 15:30:00,21.8,0,0,0.0,0.0,0,0.0,0.0,0,0.0,0.0,0,0.0,0.0,0,0.0,0.0,0,0.0,0.0,0,0.0,0.0,0,0.0,0.0,0,0.0,0.0,0,0.0,0.0,0,0.0,0.0,0,0.0,0.0,0.0,0.0
ETH,1h,3,2025-06-18 13:30:00,23.5,2025-06-23 15:30:00,21.8,16,1,100.0,0.38280645353336906,1,100.0,0.4122479193836276,1,0.0,-14.016485423610012,1,0.0,-15.72437688221504,1,0.0,-17.608950834661623,1,0.0,-9.010599377022627,1,0.0,-16.96112625682259,1,0.0,-13.280325215306865,1,0.0,-9.839217694983718,1,0.0,-13.780914381611273,1,0.0,-5.535916678742049,1,100.0,0.38280645353336906,0.4122479193836276,-17.608950834661623
ETH,2h,1,2025-04-04 09:30:00,16.98,2025-06-23 15:30:00,21.8,215,1,100.0,0.4122479193836276,1,0.0,-13.545343339612531,1,0.0,-18.589516771301255,1,0.0,-9.010599377022627,1,0.0,-13.604237504226383,1,0.0,-8.893400775744995,1,0.0,-10.659596671013805,1,0.0,-9.570082707940882,1,0.0,-1.3545320873785862,1,0.0,-2.296816255373545,1,100.0,0.1177883292277035,1,100.0,38.81036708037486,38.81036708037486,-18.589516771301255
ETH,3h,1,2025-04-04 12:30:00,17.05,2025-06-23 15:30:00,21.8,160,1,0.0,-14.604099289526587,1,0.0,-16.07037501496234,1,0.0,-9.384161286750023,1,0.0,-13.40175364214111,1,0.0,-10.20937766735167,1,0.0,-12.31671273762153,1,0.0,-12.785920522289132,1,0.0,-2.463343666203906,1,0.0,-2.697941965139706,1,100.0,0.5865125275335017,1,100.0,43.049856193737405,1,100.0,45.74780934567311,45.74780934567311,-16.07037501496234
ETH,4h,0,,,2025-06-23 13:30:00,21.8,0,0,0.0,0.0,0,0.0,0.0,0,0.0,0.0,0,0.0,0.0,0,0.0,0.0,0,0.0,0.0,0,0.0,0.0,0,0.0,0.0,0,0.0,0.0,0,0.0,0.0,0,0.0,0.0,0,0.0,0.0,0.0,0.0
ETH,1d,2,2025-04-14 00:00:00,15.43,2025-06-23 00:00:00,21.81,47,1,100.0,1.7857126131349395,1,0.0,-0.8928520490927705,1,100.0,11.607144757801205,1,100.0,4.910716072333133,1,100.0,2.6785731771771086,1,100.0,9.375001862645181,1,100.0,10.714284193759035,1,100.0,1.7857126131349395,1,100.0,30.357148483091567,1,100.0,63.839291910431925,1,100.0,51.65179374646789,1,100.0,15.044646859929337,63.839291910431925,-0.8928520490927705
ETH,1w,0,,,2025-06-29 00:00:00,21.81,0,0,0.0,0.0,0,0.0,0.0,0,0.0,0.0,0,0.0,0.0,0,0.0,0.0,0,0.0,0.0,0,0.0,0.0,0,0.0,0.0,0,0.0,0.0,0,0.0,0.0,0,0.0,0.0,0,0.0,0.0,0.0,0.0
SOL,5m,2,2025-05-30 10:50:00,1.67,2025-06-23 15:55:00,1.88,814,2,50.0,-0.24849783799314368,2,50.0,0.13173697576018228,2,100.0,0.7485058685592629,2,100.0,1.047906788326769,2,100.0,0.898206328443016,2,100.0,4.041915986001831,2,100.0,6.404194453912581,2,100.0,5.239523234212353,2,100.0,4.038925046264984,2,100.0,2.095813576653538,2,0.0,-0.8982027593025186,2,0.0,-0.4041908847720836,7.4850301324686495,-0.8982027593025186
SOL,10m,0,,,2025-06-23 15:50:00,1.88,0,0,0.0,0.0,0,0.0,0.0,0,0.0,0.0,0,0.0,0.0,0,0.0,0.0,0,0.0,0.0,0,0.0,0.0,0,0.0,0.0,0,0.0,0.0,0,0.0,0.0,0,0.0,0.0,0,0.0,0.0,0.0,0.0
SOL,15m,0,,,2025-06-23 15:45:00,1.88,0,0,0.0,0.0,0,0.0,0.0,0,0.0,0.0,0,0.0,0.0,0,0.0,0.0,0,0.0,0.0,0,0.0,0.0,0,0.0,0.0,0,0.0,0.0,0,0.0,0.0,0,0.0,0.0,0,0.0,0.0,0.0,0.0
SOL,30m,1,2025-06-17 12:00:00,1.73,2025-06-23 15:30:00,1.88,0,0,0.0,0.0,0,0.0,0.0,0,0.0,0.0,0,0.0,0.0,0,0.0,0.0,0,0.0,0.0,0,0.0,0.0,0,0.0,0.0,0,0.0,0.0,0,0.0,0.0,0,0.0,0.0,0,0.0,0.0,0.0,0.0
SOL,1h,4,2025-06-17 15:30:00,1.74,2025-06-23 15:30:00,1.88,21,3,66.66666666666666,-1.4185232466698139,3,66.66666666666666,0.4843836630796335,3,66.66666666666666,0.4848352260178568,3,33.33333333333333,0.5382657369459887,3,33.33333333333333,-2.3195849364745666,3,33.33333333333333,-1.0974022196238657,3,33.33333333333333,-0.34041350909666807,3,33.33333333333333,-0.885083584190486,3,66.66666666666666,-0.10643764658473565,3,66.66666666666666,0.9736093630978985,3,66.66666666666666,-2.030981462392521,3,66.66666666666666,4.467203937668543,25.210078814366504,-24.707367782718535
SOL,2h,2,2025-04-17 09:30:00,1.22,2025-06-23 15:30:00,1.88,179,2,50.0,-2.2143882464509645,2,0.0,-2.713175787317314,2,50.0,-1.6885866245358605,2,50.0,-0.9245131044788247,2,50.0,2.1603788315256676,2,100.0,2.3923012389889715,2,50.0,3.7774823679087426,2,100.0,6.0767280699898745,2,100.0,10.261786411940937,2,100.0,17.982557875770933,2,100.0,25.322276971806666,2,100.0,25.584576487680167,28.68852587163974,-8.527133144027744
SOL,3h,2,2025-04-17 09:30:00,1.23,2025-06-23 15:30:00,1.88,134,2,50.0,-3.6718839763996405,2,50.0,-0.9719166828274304,2,50.0,0.2657804152396672,2,50.0,2.7518128338158476,2,100.0,5.753835591575533,2,100.0,5.850419707959533,2,100.0,5.652590658517063,2,100.0,10.835309981540364,2,100.0,19.20107642737474,2,100.0,24.505616496718943,2,100.0,29.403575779692112,2,100.0,35.085434092235836,38.77551139567801,-7.751930820906612
SOL,4h,0,,,2025-06-23 13:30:00,1.88,0,0,0.0,0.0,0,0.0,0.0,0,0.0,0.0,0,0.0,0.0,0,0.0,0.0,0,0.0,0.0,0,0.0,0.0,0,0.0,0.0,0,0.0,0.0,0,0.0,0.0,0,0.0,0.0,0,0.0,0.0,0.0,0.0
SOL,1d,6,2025-04-23 00:00:00,1.26,2025-06-23 00:00:00,1.88,0,0,0.0,0.0,0,0.0,0.0,0,0.0,0.0,0,0.0,0.0,0,0.0,0.0,0,0.0,0.0,0,0.0,0.0,0,0.0,0.0,0,0.0,0.0,0,0.0,0.0,0,0.0,0.0,0,0.0,0.0,0.0,0.0
SOL,1w,0,,,2025-06-29 00:00:00,1.88,0,0,0.0,0.0,0,0.0,0.0,0,0.0,0.0,0,0.0,0.0,0,0.0,0.0,0,0.0,0.0,0,0.0,0.0,0,0.0,0.0,0,0.0,0.0,0,0.0,0.0,0,0.0,0.0,0,0.0,0.0,0.0,0.0
IBIT,5m,9,2025-06-23 09:55:00,58.21,2025-06-23 15:55:00,58.67,72,8,50.0,-0.09999741068400986,8,25.0,-0.12530207597141704,8,62.5,0.2571645791341214,8,50.0,0.1879878158163492,8,62.5,0.16977058573453851,8,62.5,-0.03513186096641646,8,50.0,-0.09211144418290507,8,50.0,-0.00406876465089856,8,37.5,-0.1516779858494699,8,37.5,-0.25394684647426463,8,25.0,-0.5574457279915987,8,25.0,-0.6655299763744806,4.329005964188816,-2.4558869988467498
IBIT,10m,4,2025-06-17 13:10:00,58.89,2025-06-23 15:50:00,58.67,133,4,25.0,-0.0908795730465759,4,50.0,-0.11880904225957879,4,50.0,-0.24523484981605215,4,25.0,-0.32810910742856586,4,50.0,-0.47516225694364356,4,50.0,-0.6670178723296765,4,50.0,-0.4147833896025418,4,100.0,0.6398467451900287,4,75.0,0.7452365133774649,4,75.0,0.919078724834669,4,75.0,1.3781264158428308,4,75.0,1.6525650220577788,3.7934243076656515,-2.599038063549411
IBIT,15m,6,2025-05-30 14:00:00,59.23,2025-06-23 15:45:00,58.67,397,6,33.33333333333333,-0.12635938012785744,6,50.0,-0.2115578808532371,6,0.0,-0.9038885388715318,6,16.666666666666664,-0.8605215050109979,6,0.0,-1.0060979233328027,6,16.666666666666664,-1.15898661473697,6,16.666666666666664,-1.0197996687321966,6,16.666666666666664,-0.7506469612397356,6,50.0,-0.147457845688715,6,83.33333333333334,0.5816678795388708,6,16.666666666666664,-0.2864471260249517,6,16.666666666666664,-0.7023834524066719,2.2623673188319877,-2.156017208551663
IBIT,30m,2,2025-06-20 15:30:00,58.69,2025-06-23 15:30:00,58.67,13,1,100.0,0.7438597006687636,1,100.0,1.0392760215748178,1,100.0,0.4229410177014614,1,100.0,3.421014938598134,1,100.0,4.1050813295325925,1,100.0,4.341554848989355,1,100.0,4.680037816691109,1,100.0,5.895485031666292,1,100.0,4.49357031844641,1,100.0,3.9530658600755366,1,100.0,3.2858936564388532,1,0.0,-0.5585713161828338,5.895485031666292,-0.5585713161828338
IBIT,1h,4,2025-06-18 09:30:00,59.79,2025-06-23 15:30:00,58.67,20,1,100.0,1.0119350292185179,1,100.0,1.9919075429179867,1,0.0,-5.049207889548338,1,0.0,-5.464419901472884,1,0.0,-7.179375863822942,1,0.0,-0.021300216927390477,1,0.0,-4.729436452822295,1,100.0,1.4380125085341053,1,100.0,3.2381774653457014,1,100.0,2.2792938730222634,1,100.0,10.417342033617285,1,100.0,15.41329531747116,15.41329531747116,-7.179375863822942
IBIT,2h,1,2025-04-04 09:30:00,47.28,2025-06-23 15:30:00,58.67,215,1,100.0,0.9716586058862523,1,0.0,-5.732018478368213,1,0.0,-7.846867978552494,1,0.0,-1.0469520826246668,1,0.0,-1.2796098939436678,1,100.0,1.5545698589852905,1,100.0,1.0681071936413966,1,100.0,6.355755384306555,1,100.0,11.897208428996606,1,100.0,12.765657202645631,1,100.0,12.817262118764244,1,100.0,23.738156526521184,23.738156526521184,-7.846867978552494
IBIT,3h,1,2025-04-04 12:30:00,47.88,2025-06-23 15:30:00,58.67,160,1,0.0,-7.24804432522846,1,0.0,-7.404695914246083,1,0.0,-2.2767627208102157,1,0.0,-0.5430774340119124,1,100.0,0.9503954695659268,1,100.0,0.156659557053688,1,100.0,3.697128893501142,1,100.0,11.216707951717526,1,100.0,11.289814682604439,1,100.0,12.355093296140666,1,100.0,22.913840669875977,1,100.0,32.073106093444025,32.073106093444025,-7.404695914246083
IBIT,4h,1,2025-04-04 13:30:00,47.74,2025-06-23 13:30:00,58.67,106,1,0.0,-8.964084101150041,1,0.0,-3.8739481582986652,1,0.0,-0.18621454610164434,1,100.0,1.6351305599373276,1,100.0,4.127827687939132,1,100.0,10.872783198691897,1,100.0,12.862755388767214,1,100.0,12.297183840598302,1,100.0,21.21015962399748,1,100.0,25.703296718224326,1,100.0,26.551658035812096,1,100.0,24.653434705088788,26.551658035812096,-8.964084101150041
IBIT,1d,2,2025-04-11 00:00:00,47.67,2025-06-23 00:00:00,58.67,0,0,0.0,0.0,0,0.0,0.0,0,0.0,0.0,0,0.0,0.0,0,0.0,0.0,0,0.0,0.0,0,0.0,0.0,0,0.0,0.0,0,0.0,0.0,0,0.0,0.0,0,0.0,0.0,0,0.0,0.0,0.0,0.0
IBIT,1w,1,2024-09-22 00:00:00,35.8,2025-06-29 00:00:00,58.67,0,0,0.0,0.0,0,0.0,0.0,0,0.0,0.0,0,0.0,0.0,0,0.0,0.0,0,0.0,0.0,0,0.0,0.0,0,0.0,0.0,0,0.0,0.0,0,0.0,0.0,0,0.0,0.0,0,0.0,0.0,0.0,0.0
ETHA,5m,9,2025-06-23 12:35:00,16.8,2025-06-23 15:55:00,17.52,40,8,50.0,-0.04435451728645723,8,62.5,-0.31262229024588534,8,62.5,0.013550268662167492,8,75.0,0.3850829949619796,8,75.0,0.6064478162661207,8,75.0,0.41924201185206156,8,37.5,-0.3136068465106084,8,37.5,-0.6166343302128666,8,25.0,-1.9694853032503499,8,25.0,-2.1784546219556717,8,25.0,-0.6759338751507509,8,25.0,-0.7957849244951793,7.8181774585278,-7.58409720559171
ETHA,10m,6,2025-06-18 15:10:00,18.95,2025-06-23 15:50:00,17.52,82,5,40.0,-0.7340436866855398,5,40.0,-0.8153416136291136,5,40.0,-0.43221851997564276,5,40.0,-0.46730281478608904,5,40.0,-1.1275823310506756,5,40.0,-0.8386128791231362,5,40.0,-0.7177223169248789,5,40.0,-0.35803533913378194,5,40.0,-0.6011980434391135,5,40.0,0.4610251065580794,5,40.0,1.1485460672354935,5,60.0,3.6616241982282496,13.833758880446872,-6.502449791242007
ETHA,15m,2,2025-06-17 13:15:00,18.76,2025-06-23 15:45:00,17.52,88,1,100.0,0.3967763450930912,1,100.0,0.26121266840171997,1,100.0,0.521908221839535,1,100.0,0.6001119156116113,1,100.0,0.05266617017000453,1,100.0,4.145491886217603,1,100.0,3.6960593154730446,1,100.0,3.2591468935661054,1,100.0,3.180416140311588,1,100.0,5.057901461953614,1,100.0,2.685626620521449,1,0.0,-1.1204389590038217,5.057901461953614,-1.1204389590038217
ETHA,30m,1,2025-06-17 14:30:00,18.91,2025-06-23 15:30:00,17.52,0,0,0.0,0.0,0,0.0,0.0,0,0.0,0.0,0,0.0,0.0,0,0.0,0.0,0,0.0,0.0,0,0.0,0.0,0,0.0,0.0,0,0.0,0.0,0,0.0,0.0,0,0.0,0.0,0,0.0,0.0,0.0,0.0
ETHA,1h,3,2025-06-18 13:30:00,18.9,2025-06-23 15:30:00,17.52,16,1,100.0,0.4944972712530308,1,100.0,0.5502553825049112,1,0.0,-13.903158047342407,1,0.0,-15.641231223618712,1,0.0,-17.68158347158579,1,0.0,-8.840791735792894,1,0.0,-16.911227335454274,1,0.0,-13.169479539417988,1,0.0,-9.794570997343916,1,0.0,-13.734407372581101,1,0.0,-5.392513943551017,1,100.0,0.5502553825049112,0.5502553825049112,-17.68158347158579
ETHA,2h,1,2025-04-04 11:30:00,13.62,2025-06-23 15:30:00,17.52,214,1,0.0,-14.280467776555927,1,0.0,-14.09691697816877,1,0.0,-18.72246851806922,1,0.0,-15.270923681196896,1,0.0,-13.06901430196396,1,0.0,-8.92070604109272,1,0.0,-10.682818912860284,1,0.0,-11.967695507612765,1,0.0,-0.5873709572558546,1,0.0,-2.3773868553289357,1,100.0,0.734217197576883,1,100.0,38.61821552969712,38.61821552969712,-18.72246851806922
ETHA,3h,1,2025-04-04 12:30:00,13.7,2025-06-23 15:30:00,17.52,160,1,0.0,-14.629698107278305,1,0.0,-16.102879644143435,1,0.0,-9.449106774921866,1,0.0,-13.460780778490507,1,0.0,-10.288214923468766,1,0.0,-12.331262968196336,1,0.0,-12.842030198318334,1,0.0,-2.480847533605451,1,0.0,-2.772711539995104,1,100.0,0.5472441421572481,1,100.0,43.01350230266596,1,100.0,45.78620688407426,45.78620688407426,-16.102879644143435
ETHA,4h,0,,,2025-06-23 13:30:00,17.52,0,0,0.0,0.0,0,0.0,0.0,0,0.0,0.0,0,0.0,0.0,0,0.0,0.0,0,0.0,0.0,0,0.0,0.0,0,0.0,0.0,0,0.0,0.0,0,0.0,0.0,0,0.0,0.0,0,0.0,0.0,0.0,0.0
ETHA,1d,2,2025-04-14 00:00:00,12.4,2025-06-23 00:00:00,17.52,47,1,100.0,1.8272421565037686,1,0.0,-1.2181579172766186,1,100.0,11.295686466516155,1,100.0,4.429685315981459,1,100.0,2.380954141148661,1,100.0,8.859360070785236,1,100.0,10.243634751808628,1,100.0,1.716508208516935,1,100.0,30.39867072793234,1,100.0,63.56590137908914,1,100.0,51.32890770702997,1,100.0,14.701000914492376,63.56590137908914,-1.2181579172766186
ETHA,1w,0,,,2025-06-29 00:00:00,17.52,0,0,0.0,0.0,0,0.0,0.0,0,0.0,0.0,0,0.0,0.0,0,0.0,0.0,0,0.0,0.0,0,0.0,0.0,0,0.0,0.0,0,0.0,0.0,0,0.0,0.0,0,0.0,0.0,0,0.0,0.0,0.0,0.0
CLS,5m,10,2025-06-23 12:40:00,133.12,2025-06-23 15:55:00,136.34,39,7,42.857142857142854,-0.06427727513718726,7,57.14285714285714,0.5295551715274385,7,42.857142857142854,0.8378414056890556,7,42.857142857142854,0.7773255631352606,7,71.42857142857143,0.9596739083333607,7,71.42857142857143,1.1866800730911342,7,57.14285714285714,1.1691057980156487,7,57.14285714285714,0.21578306207360454,7,57.14285714285714,-0.310191086965011,7,57.14285714285714,0.26646458584670996,7,57.14285714285714,0.8525034171038433,7,57.14285714285714,2.0606885583446966,6.882230038819601,-3.855735224864163
CLS,10m,2,2025-05-29 15:20:00,115.65,2025-06-23 15:50:00,136.34,627,2,50.0,0.08719095064553528,2,0.0,-1.7180636717893458,2,0.0,-2.837294294069042,2,0.0,-2.5641231887341296,2,0.0,-2.980822163550295,2,0.0,-3.0275948604703506,2,0.0,-3.0433622797663444,2,0.0,-1.4905656138332777,2,0.0,-2.0521782450728736,2,0.0,-1.1393385768910873,2,100.0,0.6242802037681359,2,100.0,3.383269883159848,4.128838273132585,-3.4264273777473564
CLS,15m,1,2025-05-29 15:30:00,115.92,2025-06-23 15:45:00,136.34,417,1,0.0,-4.585054258080202,1,0.0,-2.8756868067679417,1,0.0,-3.6145573483404423,1,0.0,-3.9768811966618633,1,0.0,-2.6699458847405917,1,0.0,-1.1171481965156203,1,0.0,-2.0574487098938476,1,0.0,-1.1904738399035506,1,100.0,0.49171817100400916,1,100.0,2.691513799055487,1,100.0,4.973256970938141,1,100.0,2.027258895135708,4.973256970938141,-4.585054258080202
CLS,30m,1,2025-05-29 15:30:00,116.39,2025-06-23 15:30:00,136.34,208,1,0.0,-3.4453150247091697,1,0.0,-3.630035652785525,1,0.0,-2.693532221557251,1,0.0,-2.2123867701224547,1,0.0,-1.344619339817128,1,100.0,0.2706439067429584,1,100.0,1.8085775135082693,1,100.0,3.4453150247091697,1,100.0,1.5465272456371388,1,100.0,3.7632075576825885,1,100.0,4.029557922502551,1,100.0,1.7870966938416186,4.029557922502551,-3.630035652785525
CLS,1h,0,,,2025-06-23 15:30:00,136.34,0,0,0.0,0.0,0,0.0,0.0,0,0.0,0.0,0,0.0,0.0,0,0.0,0.0,0,0.0,0.0,0,0.0,0.0,0,0.0,0.0,0,0.0,0.0,0,0.0,0.0,0,0.0,0.0,0,0.0,0.0,0.0,0.0
CLS,2h,0,,,2025-06-23 15:30:00,136.34,0,0,0.0,0.0,0,0.0,0.0,0,0.0,0.0,0,0.0,0.0,0,0.0,0.0,0,0.0,0.0,0,0.0,0.0,0,0.0,0.0,0,0.0,0.0,0,0.0,0.0,0,0.0,0.0,0,0.0,0.0,0.0,0.0
CLS,3h,0,,,2025-06-23 15:30:00,136.34,0,0,0.0,0.0,0,0.0,0.0,0,0.0,0.0,0,0.0,0.0,0,0.0,0.0,0,0.0,0.0,0,0.0,0.0,0,0.0,0.0,0,0.0,0.0,0,0.0,0.0,0,0.0,0.0,0,0.0,0.0,0.0,0.0
CLS,4h,0,,,2025-06-23 13:30:00,136.34,0,0,0.0,0.0,0,0.0,0.0,0,0.0,0.0,0,0.0,0.0,0,0.0,0.0,0,0.0,0.0,0,0.0,0.0,0,0.0,0.0,0,0.0,0.0,0,0.0,0.0,0,0.0,0.0,0,0.0,0.0,0.0,0.0
CLS,1d,2,2025-04-09 00:00:00,82.06,2025-06-23 00:00:00,136.34,50,1,100.0,1.8093550316547486,1,100.0,3.331867048540424,1,100.0,11.915272643957266,1,100.0,11.098849984924707,1,100.0,28.19946792885,1,100.0,28.90555728670312,1,100.0,26.809359240279296,1,100.0,78.72903915586438,1,100.0,91.92410402171112,1,100.0,103.17741052758814,1,100.0,117.91704060295784,1,100.0,217.0123546698814,217.0123546698814,1.8093550316547486
CLS,1w,0,,,2025-06-29 00:00:00,136.34,0,0,0.0,0.0,0,0.0,0.0,0,0.0,0.0,0,0.0,0.0,0,0.0,0.0,0,0.0,0.0,0,0.0,0.0,0,0.0,0.0,0,0.0,0.0,0,0.0,0.0,0,0.0,0.0,0,0.0,0.0,0.0,0.0
OPFI,5m,3,2025-06-13 10:40:00,12.2,2025-06-23 15:55:00,13.39,453,3,66.66666666666666,-0.20538761428648641,3,66.66666666666666,-0.13474962502940468,3,66.66666666666666,0.5216986376046165,3,66.66666666666666,1.0627477735750415,3,66.66666666666666,0.8440283423485381,3,100.0,0.5850184283733147,3,66.66666666666666,-0.23727401406412296,3,66.66666666666666,-0.031237226164540093,3,0.0,-0.4469846721337676,3,0.0,-1.3569177893357065,3,100.0,2.0313239599735216,3,100.0,1.7456737127130528,2.9882329760675352,-2.332044480818818
OPFI,10m,6,2025-06-13 10:50:00,12.24,2025-06-23 15:50:00,13.39,225,6,50.0,0.18205063401746444,6,50.0,0.3573104336610822,6,66.66666666666666,1.0329165083611527,6,83.33333333333334,1.3397081616579263,6,83.33333333333334,2.3291405913786956,6,66.66666666666666,2.1332384988605027,6,66.66666666666666,1.7742207163268622,6,100.0,3.0557729283877966,6,100.0,3.289586122696345,6,100.0,2.962996383680521,6,83.33333333333334,3.716321302301641,6,83.33333333333334,4.185816598056522,8.706063570769793,-3.429182345891355
OPFI,15m,3,2025-06-17 11:45:00,11.8,2025-06-23 15:45:00,13.39,94,2,100.0,1.0351714656624087,2,100.0,0.8504748731919526,2,50.0,-0.6062788895577835,2,0.0,-0.7615339317515929,2,0.0,-1.1550626557446309,2,50.0,1.4055130565925977,2,100.0,1.5156638916810077,2,100.0,1.2111703375449592,2,50.0,-0.8134792470373395,2,50.0,-0.3844591676441469,2,100.0,3.74520012609819,2,100.0,5.072527332308217,5.652569321491809,-3.756666428862712
OPFI,30m,1,2025-06-17 13:30:00,11.85,2025-06-23 15:30:00,13.39,0,0,0.0,0.0,0,0.0,0.0,0,0.0,0.0,0,0.0,0.0,0,0.0,0.0,0,0.0,0.0,0,0.0,0.0,0,0.0,0.0,0,0.0,0.0,0,0.0,0.0,0,0.0,0.0,0,0.0,0.0,0.0,0.0
OPFI,1h,1,2025-06-17 14:30:00,11.9,2025-06-23 15:30:00,13.39,0,0,0.0,0.0,0,0.0,0.0,0,0.0,0.0,0,0.0,0.0,0,0.0,0.0,0,0.0,0.0,0,0.0,0.0,0,0.0,0.0,0,0.0,0.0,0,0.0,0.0,0,0.0,0.0,0,0.0,0.0,0.0,0.0
OPFI,2h,0,,,2025-06-23 15:30:00,13.39,0,0,0.0,0.0,0,0.0,0.0,0,0.0,0.0,0,0.0,0.0,0,0.0,0.0,0,0.0,0.0,0,0.0,0.0,0,0.0,0.0,0,0.0,0.0,0,0.0,0.0,0,0.0,0.0,0,0.0,0.0,0.0,0.0
OPFI,3h,0,,,2025-06-23 15:30:00,13.39,0,0,0.0,0.0,0,0.0,0.0,0,0.0,0.0,0,0.0,0.0,0,0.0,0.0,0,0.0,0.0,0,0.0,0.0,0,0.0,0.0,0,0.0,0.0,0,0.0,0.0,0,0.0,0.0,0,0.0,0.0,0.0,0.0
OPFI,4h,0,,,2025-06-23 13:30:00,13.39,0,0,0.0,0.0,0,0.0,0.0,0,0.0,0.0,0,0.0,0.0,0,0.0,0.0,0,0.0,0.0,0,0.0,0.0,0,0.0,0.0,0,0.0,0.0,0,0.0,0.0,0,0.0,0.0,0,0.0,0.0,0.0,0.0
OPFI,1d,2,2025-04-11 00:00:00,8.47,2025-06-23 00:00:00,13.4,0,0,0.0,0.0,0,0.0,0.0,0,0.0,0.0,0,0.0,0.0,0,0.0,0.0,0,0.0,0.0,0,0.0,0.0,0,0.0,0.0,0,0.0,0.0,0,0.0,0.0,0,0.0,0.0,0,0.0,0.0,0.0,0.0
OPFI,1w,0,,,2025-06-29 00:00:00,13.4,0,0,0.0,0.0,0,0.0,0.0,0,0.0,0.0,0,0.0,0.0,0,0.0,0.0,0,0.0,0.0,0,0.0,0.0,0,0.0,0.0,0,0.0,0.0,0,0.0,0.0,0,0.0,0.0,0,0.0,0.0,0.0,0.0
RR,5m,19,2025-06-23 09:45:00,1.77,2025-06-23 15:55:00,1.79,74,18,61.111111111111114,0.31145574037090196,18,66.66666666666666,0.4422983760562283,18,38.88888888888889,0.10482192190382418,18,55.55555555555556,0.26230442227659817,18,55.55555555555556,0.2722496530758709,18,55.55555555555556,-0.11866808810760664,18,55.55555555555556,-0.19816235088442527,18,55.55555555555556,0.2061937425050752,18,50.0,-0.18832098058871363,18,50.0,0.3084074889818358,18,44.44444444444444,-0.52769720795368,18,38.88888888888889,-1.958951251252277,10.085842970355872,-9.69450434213824
RR,10m,12,2025-06-23 09:50:00,1.78,2025-06-23 15:50:00,1.79,36,8,62.5,0.045093504249183985,8,37.5,0.18176118139963054,8,62.5,0.29248137735175594,8,50.0,-0.27872412802772883,8,50.0,-0.5151207404388943,8,50.0,-0.613594040336583,8,50.0,-0.7267160081555599,8,62.5,-0.46724565898648085,8,62.5,-0.5368134845259591,8,62.5,-2.002429160779906,8,37.5,-3.6150682935899123,8,37.5,-3.983881423017019,9.558388051493553,-13.366287247145031
RR,15m,6,2025-06-23 10:00:00,1.79,2025-06-23 15:45:00,1.79,23,4,50.0,-0.1256179506679003,4,75.0,0.3679631937102692,4,50.0,-0.5379901632876649,4,50.0,-0.23265394888288427,4,75.0,0.5933845771888836,4,75.0,1.5211523481966969,4,75.0,0.17979456770862656,4,50.0,-0.5429262747790492,4,50.0,-1.291408318660792,4,50.0,-2.1515293600052003,4,50.0,-2.4834840156551423,4,0.0,-5.928545618801731,6.321386595000124,-10.576107553423112
RR,30m,7,2025-06-23 13:00:00,1.78,2025-06-23 15:30:00,1.79,0,0,0.0,0.0,0,0.0,0.0,0,0.0,0.0,0,0.0,0.0,0,0.0,0.0,0,0.0,0.0,0,0.0,0.0,0,0.0,0.0,0,0.0,0.0,0,0.0,0.0,0,0.0,0.0,0,0.0,0.0,0.0,0.0
RR,1h,3,2025-06-23 12:30:00,1.78,2025-06-23 15:30:00,1.79,3,1,100.0,0.8021382704083594,1,100.0,7.219257183331838,1,100.0,0.5080228170404515,1,0.0,-7.187166297659731,1,100.0,2.9411736581639847,1,0.0,-2.9411736581639847,1,0.0,-0.6577547841970811,1,100.0,5.614974267686818,1,100.0,7.486630231972989,1,100.0,2.7112272264836887,1,100.0,4.8181844782238095,1,100.0,17.112302226529906,17.112302226529906,-7.187166297659731
RR,2h,2,2025-06-23 13:30:00,1.79,2025-06-23 15:30:00,1.79,1,1,100.0,0.7377035457857791,1,0.0,-1.6393491746190008,1,100.0,7.377048486195141,1,100.0,9.240432949889822,1,100.0,8.743167369903745,1,100.0,4.846990971948491,1,0.0,-0.546447553483442,1,100.0,21.240430604789097,1,100.0,19.398901176999537,1,100.0,9.016391146645466,1,100.0,12.568300244287839,1,100.0,16.863391303571788,21.240430604789097,-1.6393491746190008
RR,3h,2,2025-06-23 12:30:00,1.79,2025-06-23 15:30:00,1.79,1,1,0.0,-5.263159215615413,1,0.0,-2.36841882364899,1,100.0,4.736843921471193,1,0.0,-2.89473411779321,1,0.0,-6.3157898039038525,1,0.0,-5.000001568543303,1,100.0,14.999998431456696,1,100.0,9.473681568769173,1,100.0,10.789476078302936,1,100.0,8.421050980480734,1,100.0,23.231575655078583,1,100.0,32.63157960780771,32.63157960780771,-6.3157898039038525
RR,4h,1,2025-04-09 09:30:00,1.83,2025-06-23 13:30:00,1.79,101,1,0.0,-1.6393491746190008,1,100.0,7.377048486195141,1,100.0,8.743167369903745,1,0.0,-0.546447553483442,1,100.0,21.240430604789097,1,100.0,19.398901176999537,1,100.0,9.016391146645466,1,100.0,12.568300244287839,1,100.0,16.863391303571788,1,100.0,24.04371189577747,1,100.0,28.961739877128444,1,0.0,-2.7431685424541077,28.961739877128444,-2.7431685424541077
RR,1d,1,2024-07-26 00:00:00,1.25,2025-06-23 00:00:00,1.78,226,1,100.0,19.200000762939453,1,100.0,16.800003051757812,1,0.0,-56.64000034332275,1,0.0,-39.7599983215332,1,100.0,10.399999618530273,1,0.0,0.0,1,0.0,-11.19999885559082,1,0.0,-41.599998474121094,1,0.0,-44.23999786376953,1,0.0,-42.39999771118164,1,0.0,-55.84000110626221,1,0.0,-1.5999984741210938,19.200000762939453,-56.64000034332275
RR,1w,0,,,2025-06-29 00:00:00,1.78,0,0,0.0,0.0,0,0.0,0.0,0,0.0,0.0,0,0.0,0.0,0,0.0,0.0,0,0.0,0.0,0,0.0,0.0,0,0.0,0.0,0,0.0,0.0,0,0.0,0.0,0,0.0,0.0,0,0.0,0.0,0.0,0.0
NBIS,5m,11,2025-06-18 13:40:00,48.16,2025-06-23 15:55:00,47.48,183,11,63.63636363636363,-0.007599656196869869,11,54.54545454545454,0.33278046580605714,11,72.72727272727273,0.8731227726924723,11,72.72727272727273,1.103879046810705,11,90.9090909090909,1.4523307249035147,11,81.81818181818183,1.3428096541358627,11,72.72727272727273,1.6430594847550066,11,54.54545454545454,1.2272837474898257,11,54.54545454545454,0.7867443928899973,11,72.72727272727273,0.9325085437645586,11,63.63636363636363,-0.2213446206767217,11,54.54545454545454,-0.29329347768210723,8.635361918141465,-5.839807656698927
NBIS,10m,7,2025-06-17 14:40:00,48.08,2025-06-23 15:50:00,47.48,124,7,85.71428571428571,0.9811403288805354,7,85.71428571428571,1.702606851403862,7,100.0,2.7942962466033223,7,85.71428571428571,2.8653337088588344,7,85.71428571428571,2.463356585355328,7,85.71428571428571,1.9175259952527117,7,85.71428571428571,1.8884986933461723,7,57.14285714285714,0.4066241933704663,7,57.14285714285714,0.6199677864427947,7,57.14285714285714,0.5791387215202984,7,85.71428571428571,3.14844504340372,7,71.42857142857143,3.0913290472336272,12.94204841591914,-6.013784585985679
NBIS,15m,3,2025-06-16 09:30:00,48.74,2025-06-23 15:45:00,47.48,129,3,100.0,1.8120544520080255,3,100.0,2.159341203543755,3,100.0,2.4315565290430277,3,100.0,2.415761901757485,3,100.0,2.377651478383847,3,66.66666666666666,0.7714783108885116,3,66.66666666666666,0.9367947073593882,3,33.33333333333333,0.7753715482410195,3,33.33333333333333,2.8224496363467484,3,100.0,4.027015000350611,3,33.33333333333333,10.784590083523284,3,33.33333333333333,10.357474360110075,35.178866589734795,-5.6556367392219125
NBIS,30m,1,2025-06-20 11:30:00,48.51,2025-06-23 15:30:00,47.48,0,0,0.0,0.0,0,0.0,0.0,0,0.0,0.0,0,0.0,0.0,0,0.0,0.0,0,0.0,0.0,0,0.0,0.0,0,0.0,0.0,0,0.0,0.0,0,0.0,0.0,0,0.0,0.0,0,0.0,0.0,0.0,0.0
NBIS,1h,4,2025-04-17 09:30:00,21.23,2025-06-23 15:30:00,47.48,314,4,100.0,4.578677063455002,4,75.0,2.285447037262976,4,0.0,-1.964646176513959,4,75.0,-0.10230269872959674,4,75.0,4.976389948202993,4,75.0,3.813839073801497,4,100.0,4.711431236182529,4,100.0,5.314750430451401,4,75.0,4.549111501348637,4,100.0,7.281465312591381,4,100.0,13.852957639667327,4,100.0,17.549745037141022,32.36693435432339,-5.113332987398964
NBIS,2h,1,2025-04-07 11:30:00,21.02,2025-06-23 15:30:00,47.48,210,1,0.0,-0.7611790862402856,1,0.0,-5.13796336910716,1,100.0,11.584202725566655,1,0.0,-3.0651781483546987,1,0.0,-0.7849710367936799,1,100.0,0.8563287405129371,1,100.0,0.3330147159838171,1,100.0,2.3311120858571828,1,100.0,16.41293425527293,1,100.0,13.368217910311786,1,100.0,16.96003115638498,1,100.0,69.85917379321184,69.85917379321184,-5.13796336910716
NBIS,3h,1,2025-04-07 12:30:00,20.84,2025-06-23 15:30:00,47.48,157,1,0.0,-4.3186161801371785,1,0.0,-7.472166347158316,1,100.0,0.9596965521836488,1,100.0,0.7197678379654264,1,100.0,1.6794643901490751,1,100.0,3.3109430374545057,1,100.0,2.9270662470499706,1,100.0,17.466407691923294,1,100.0,16.144433882638754,1,100.0,19.433777386789615,1,100.0,74.51871938197512,1,100.0,85.17274409806481,85.17274409806481,-7.472166347158316
NBIS,4h,0,,,2025-06-23 13:30:00,47.48,0,0,0.0,0.0,0,0.0,0.0,0,0.0,0.0,0,0.0,0.0,0,0.0,0.0,0,0.0,0.0,0,0.0,0.0,0,0.0,0.0,0,0.0,0.0,0,0.0,0.0,0,0.0,0.0,0,0.0,0.0,0.0,0.0
NBIS,1d,1,2025-04-02 00:00:00,24.45,2025-06-23 00:00:00,47.48,0,0,0.0,0.0,0,0.0,0.0,0,0.0,0.0,0,0.0,0.0,0,0.0,0.0,0,0.0,0.0,0,0.0,0.0,0,0.0,0.0,0,0.0,0.0,0,0.0,0.0,0,0.0,0.0,0,0.0,0.0,0.0,0.0
NBIS,1w,0,,,2025-06-29 00:00:00,47.48,0,0,0.0,0.0,0,0.0,0.0,0,0.0,0.0,0,0.0,0.0,0,0.0,0.0,0,0.0,0.0,0,0.0,0.0,0,0.0,0.0,0,0.0,0.0,0,0.0,0.0,0,0.0,0.0,0,0.0,0.0,0.0,0.0
OKLO,5m,14,2025-06-23 10:20:00,57.35,2025-06-23 15:55:00,55.11,67,10,50.0,-0.37618101874558907,10,40.0,-0.7011634880225432,10,30.0,-0.5975200135156535,10,20.0,-1.6885726562325025,10,30.0,-2.00812163876393,10,10.0,-2.983995317961405,10,10.0,-3.325915286012085,10,10.0,-3.257243312430392,10,10.0,-3.0988610378780583,10,10.0,-2.8358774091441523,10,10.0,-2.493882292596676,10,10.0,-1.750957862201306,10.716723816496524,-8.162659567537805
OKLO,10m,5,2025-06-18 15:20:00,61.05,2025-06-23 15:50:00,55.11,81,3,66.66666666666666,0.10960347738733607,3,66.66666666666666,-1.9268286926004758,3,0.0,-2.882781640768812,3,33.33333333333333,-2.6639155650209303,3,33.33333333333333,-2.741881560067235,3,33.33333333333333,-1.2986379597872044,3,0.0,-2.0062483137546554,3,0.0,-1.974770171314794,3,0.0,-2.0507761878189465,3,0.0,-3.4185693203103766,3,0.0,-5.275883792519848,3,0.0,-4.272564340099406,1.7968617025383142,-8.399473800410776
OKLO,15m,4,2025-06-18 15:15:00,61.05,2025-06-23 15:45:00,55.11,54,2,0.0,-3.393128471370423,2,0.0,-3.6626007866411037,2,0.0,-6.060239889679386,2,0.0,-4.700984839726514,2,0.0,-3.4832909175878437,2,0.0,-2.9417872943209624,2,0.0,-3.3011960456441476,2,0.0,-3.203133066431085,2,0.0,-6.004660116971238,2,0.0,-3.278104304604177,2,50.0,-0.005419783221300323,2,100.0,5.213063068529012,5.41867373852878,-7.272726859265985
OKLO,30m,0,,,2025-06-23 15:30:00,55.11,0,0,0.0,0.0,0,0.0,0.0,0,0.0,0.0,0,0.0,0.0,0,0.0,0.0,0,0.0,0.0,0,0.0,0.0,0,0.0,0.0,0,0.0,0.0,0,0.0,0.0,0,0.0,0.0,0,0.0,0.0,0.0,0.0
OKLO,1h,1,2025-04-04 15:30:00,19.78,2025-06-23 15:30:00,55.11,371,1,100.0,10.285569184264052,1,100.0,11.852410065402248,1,100.0,9.097797578684277,1,100.0,7.303511276060109,1,100.0,20.41951451445565,1,100.0,13.141270667281852,1,100.0,10.437202678713795,1,100.0,14.329042272861624,1,100.0,12.206221552451654,1,100.0,8.920896655348221,1,100.0,17.26055568291565,1,100.0,17.412179536988106,20.41951451445565,7.303511276060109
OKLO,2h,1,2025-04-07 09:30:00,21.46,2025-06-23 15:30:00,55.11,211,1,100.0,2.232993399826863,1,0.0,-4.009778495132084,1,100.0,11.020511553413764,1,100.0,5.731600661972657,1,100.0,7.22274562225252,1,100.0,4.799630617835222,1,0.0,-0.46597613414367506,1,0.0,-0.3807053812830964,1,100.0,13.047536178298888,1,100.0,12.767948720227674,1,100.0,20.293577052088573,1,100.0,47.48369510150899,47.48369510150899,-4.009778495132084
OKLO,3h,1,2025-04-07 09:30:00,21.82,2025-06-23 15:30:00,55.11,158,1,0.0,-1.0769963961425053,1,0.0,-7.2410629963520865,1,100.0,1.1686575237474524,1,100.0,3.055909966150243,1,100.0,5.499545278289338,1,0.0,-0.779102102069552,1,0.0,-0.014667878325491233,1,100.0,8.890928328096138,1,100.0,8.753436636688717,1,100.0,18.56095875826183,1,100.0,69.79834901578361,1,100.0,131.53071111062937,131.53071111062937,-7.2410629963520865
OKLO,4h,0,,,2025-06-23 13:30:00,55.11,0,0,0.0,0.0,0,0.0,0.0,0,0.0,0.0,0,0.0,0.0,0,0.0,0.0,0,0.0,0.0,0,0.0,0.0,0,0.0,0.0,0,0.0,0.0,0,0.0,0.0,0,0.0,0.0,0,0.0,0.0,0.0,0.0
OKLO,1d,5,2025-04-09 00:00:00,24.08,2025-06-23 00:00:00,55.11,50,3,0.0,-6.474019346838283,3,0.0,-9.425811640643763,3,0.0,-18.798564916442007,3,0.0,-20.067851642990064,3,33.33333333333333,-5.857315723624359,3,66.66666666666666,4.087877823146426,3,100.0,23.324319855788616,3,100.0,93.01720950587988,3,100.0,187.37750934230792,3,100.0,220.85958112619042,3,100.0,168.03519454832613,3,100.0,264.4121855654461,287.64782499913684,-24.766978386515174
OKLO,1w,0,,,2025-06-29 00:00:00,55.11,0,0,0.0,0.0,0,0.0,0.0,0,0.0,0.0,0,0.0,0.0,0,0.0,0.0,0,0.0,0.0,0,0.0,0.0,0,0.0,0.0,0,0.0,0.0,0,0.0,0.0,0,0.0,0.0,0,0.0,0.0,0.0,0.0
QBTS,5m,21,2025-06-18 15:30:00,15.66,2025-06-23 15:55:00,14.97,161,21,57.14285714285714,0.17630773876942066,21,57.14285714285714,0.04255588074049987,21,66.66666666666666,0.5912152390168687,21,38.095238095238095,0.4191985798130048,21,28.57142857142857,0.1676852436913082,21,23.809523809523807,-0.1090700253522044,21,28.57142857142857,-0.21708637513100276,21,38.095238095238095,0.2213810797048661,21,38.095238095238095,0.4279149866730139,21,38.095238095238095,0.08657417425556876,21,33.33333333333333,-0.948167937202904,21,33.33333333333333,-1.700438654274885,13.498246942306663,-7.644257869938569
QBTS,10m,10,2025-06-18 15:30:00,15.64,2025-06-23 15:50:00,14.97,80,9,77.77777777777779,0.44710122446749523,9,55.55555555555556,0.6062628703477249,9,44.44444444444444,1.5124172304233785,9,33.33333333333333,1.1021766921772527,9,33.33333333333333,0.9284971127831727,9,33.33333333333333,0.650026265783841,9,44.44444444444444,0.15810139865984377,9,33.33333333333333,-0.3022680357346396,9,33.33333333333333,-0.7550232882111751,9,44.44444444444444,-1.1712969726240128,9,44.44444444444444,0.6088656999592966,9,66.66666666666666,2.0563292173032957,12.02119762312242,-8.838618635468466
QBTS,15m,6,2025-06-12 10:15:00,16.27,2025-06-23 15:45:00,14.97,178,6,33.33333333333333,-0.7023820782580423,6,16.666666666666664,-1.3408443824259422,6,16.666666666666664,-1.1816879972745615,6,33.33333333333333,-1.32043506935081,6,16.666666666666664,-1.1506394463194833,6,33.33333333333333,-2.1521790623551045,6,33.33333333333333,-1.3770139571252653,6,50.0,-1.0590555984382872,6,66.66666666666666,0.3387992253818701,6,50.0,1.4671658711271736,6,50.0,3.386535767472545,6,50.0,-0.11256031212675577,13.647799549409868,-10.35928393338671
QBTS,30m,0,,,2025-06-23 15:30:00,14.97,0,0,0.0,0.0,0,0.0,0.0,0,0.0,0.0,0,0.0,0.0,0,0.0,0.0,0,0.0,0.0,0,0.0,0.0,0,0.0,0.0,0,0.0,0.0,0,0.0,0.0,0,0.0,0.0,0,0.0,0.0,0.0,0.0
QBTS,1h,3,2025-06-23 14:30:00,14.96,2025-06-23 15:30:00,14.97,1,2,50.0,-4.597441268273433,2,0.0,-5.584257003210395,2,50.0,1.408025388782007,2,50.0,3.9601825076490433,2,50.0,4.619517836529656,2,50.0,1.8567772991980753,2,100.0,12.783488098767705,2,100.0,7.51463612377327,2,50.0,5.077235032143007,2,50.0,7.816772671341647,2,50.0,0.7327124190836445,2,100.0,41.14428990497365,81.70829584468495,-14.01408308343596
QBTS,2h,2,2025-04-21 15:30:00,6.25,2025-06-23 15:30:00,14.97,172,2,0.0,-6.591018306343583,2,50.0,0.5644504134424198,2,50.0,3.0571277817695357,2,100.0,10.236820802602736,2,100.0,9.308672120495475,2,50.0,2.8307944337342765,2,50.0,3.687810094901894,2,50.0,2.9955378778951225,2,50.0,31.633049162300455,2,100.0,38.39559102317147,2,100.0,60.544992547826695,2,100.0,117.53611992301438,180.39999389648438,-12.622039054093417
QBTS,3h,2,2025-04-22 15:30:00,6.26,2025-06-23 15:30:00,14.97,126,2,100.0,12.426204998046735,2,100.0,15.370985516893167,2,100.0,17.281915595160996,2,100.0,12.312065022338736,2,100.0,10.77507611520382,2,100.0,20.24511134933065,2,100.0,13.3207277388632,2,100.0,74.02130407337022,2,100.0,74.2914372253399,2,100.0,168.388583268677,2,100.0,157.05150303592524,2,100.0,181.14331313272427,186.08695429283878,9.169967083534184
QBTS,4h,1,2025-04-22 13:30:00,6.26,2025-06-23 13:30:00,14.97,0,0,0.0,0.0,0,0.0,0.0,0,0.0,0.0,0,0.0,0.0,0,0.0,0.0,0,0.0,0.0,0,0.0,0.0,0,0.0,0.0,0,0.0,0.0,0,0.0,0.0,0,0.0,0.0,0,0.0,0.0,0.0,0.0
QBTS,1d,0,,,2025-06-23 00:00:00,14.94,0,0,0.0,0.0,0,0.0,0.0,0,0.0,0.0,0,0.0,0.0,0,0.0,0.0,0,0.0,0.0,0,0.0,0.0,0,0.0,0.0,0,0.0,0.0,0,0.0,0.0,0,0.0,0.0,0,0.0,0.0,0.0,0.0
QBTS,1w,0,,,2025-06-29 00:00:00,14.94,0,0,0.0,0.0,0,0.0,0.0,0,0.0,0.0,0,0.0,0.0,0,0.0,0.0,0,0.0,0.0,0,0.0,0.0,0,0.0,0.0,0,0.0,0.0,0,0.0,0.0,0,0.0,0.0,0,0.0,0.0,0.0,0.0
QUBT,5m,16,2025-06-18 15:10:00,19.03,2025-06-23 15:55:00,17.5,165,16,56.25,0.015470622711209303,16,37.5,-0.4527001308222313,16,43.75,0.26567869252502924,16,43.75,0.6076824729443306,16,37.5,1.114839586988599,16,37.5,1.1509771723049016,16,37.5,1.4926763124253066,16,37.5,1.981628185559405,16,43.75,2.2971487083766156,16,43.75,2.2922892804781188,16,62.5,5.231096488860938,16,62.5,7.103098771651668,27.855234780987033,-11.421065425816213
QUBT,10m,7,2025-06-18 15:10:00,19.06,2025-06-23 15:50:00,17.5,82,5,40.0,-0.3337041322528168,5,40.0,-0.2085615674355455,5,60.0,2.5895397114755463,5,60.0,4.813983248259039,5,60.0,5.306486648374679,5,60.0,7.254848442565626,5,60.0,8.234312908954351,5,80.0,12.680019835327903,5,80.0,13.287363921374373,5,80.0,14.348415805494827,5,80.0,12.370887013571394,5,80.0,10.670720977371575,25.838028243924267,-10.014631333595288
QUBT,15m,1,2025-06-13 14:45:00,16.74,2025-06-23 15:45:00,17.5,134,1,0.0,-0.4778968028666288,1,100.0,6.511351060281903,1,100.0,13.169650003799886,1,100.0,19.115291022779825,1,100.0,21.14695916325503,1,100.0,26.493426084713402,1,100.0,26.70250522384514,1,100.0,24.07407850505795,1,100.0,16.875751502777675,1,100.0,18.736555841050176,1,100.0,13.902030870563378,1,100.0,14.934289332030321,26.70250522384514,-0.4778968028666288
QUBT,30m,1,2025-05-29 11:00:00,12.64,2025-06-23 15:30:00,17.5,217,1,100.0,0.4352936328069394,1,0.0,-0.6719422303584985,1,0.0,-7.3209352906891345,1,0.0,-8.685402812852344,1,0.0,-10.170160855832675,1,0.0,-12.781952844183584,1,0.0,-11.142070826563517,1,0.0,-5.302731018258466,1,0.0,-2.5785511366423934,1,0.0,-0.19786760389162517,1,100.0,5.263157497480141,1,100.0,13.335967039325498,13.335967039325498,-12.781952844183584
QUBT,1h,3,2025-04-22 09:30:00,6.01,2025-06-23 15:30:00,17.5,300,3,33.33333333333333,-2.510269746199837,3,33.33333333333333,-3.763003748216848,3,66.66666666666666,0.31411345428931864,3,66.66666666666666,4.1962918811425345,3,66.66666666666666,1.8322593222076502,3,66.66666666666666,1.919765477544156,3,66.66666666666666,3.5331817230706384,3,33.33333333333333,0.7650244432938441,3,33.33333333333333,0.5456428134246482,3,66.66666666666666,7.228126324111481,3,66.66666666666666,2.6758035284388693,3,66.66666666666666,16.12257685090757,52.20649740443366,-21.129569866274586
QUBT,2h,1,2025-04-22 13:30:00,5.93,2025-06-23 15:30:00,17.5,169,1,100.0,9.113923113410946,1,100.0,7.172990720950397,1,100.0,17.468351292723604,1,100.0,18.396618407796918,1,100.0,18.092826872465018,1,100.0,13.924046965521091,1,100.0,29.36708379923877,1,100.0,20.590713095662142,1,100.0,42.86919628838016,1,100.0,50.04219505721482,1,100.0,94.00843064164333,1,100.0,118.75948946153699,118.75948946153699,7.172990720950397
QUBT,3h,3,2025-04-23 09:30:00,6.41,2025-06-23 15:30:00,17.5,125,3,33.33333333333333,-0.7370385483701897,3,33.33333333333333,-4.960811001188042,3,33.33333333333333,-7.279905812266995,3,33.33333333333333,-12.076366012218239,3,33.33333333333333,-6.159684399252723,3,33.33333333333333,-3.5093022390081807,3,33.33333333333333,-8.969636165327472,3,33.33333333333333,-0.8308851092477975,3,33.33333333333333,7.792624828409924,3,33.33333333333333,17.01300745757447,3,100.0,33.06228611847001,3,100.0,75.16087249002987,139.71629118063098,-26.477882821175765
QUBT,4h,1,2025-04-23 09:30:00,6.47,2025-06-23 13:30:00,17.5,0,0,0.0,0.0,0,0.0,0.0,0,0.0,0.0,0,0.0,0.0,0,0.0,0.0,0,0.0,0.0,0,0.0,0.0,0,0.0,0.0,0,0.0,0.0,0,0.0,0.0,0,0.0,0.0,0,0.0,0.0,0.0,0.0
QUBT,1d,0,,,2025-06-23 00:00:00,17.5,0,0,0.0,0.0,0,0.0,0.0,0,0.0,0.0,0,0.0,0.0,0,0.0,0.0,0,0.0,0.0,0,0.0,0.0,0,0.0,0.0,0,0.0,0.0,0,0.0,0.0,0,0.0,0.0,0,0.0,0.0,0.0,0.0
QUBT,1w,0,,,2025-06-29 00:00:00,17.5,0,0,0.0,0.0,0,0.0,0.0,0,0.0,0.0,0,0.0,0.0,0,0.0,0.0,0,0.0,0.0,0,0.0,0.0,0,0.0,0.0,0,0.0,0.0,0,0.0,0.0,0,0.0,0.0,0,0.0,0.0,0.0,0.0
TEM,5m,8,2025-06-20 13:50:00,67.7,2025-06-23 15:55:00,65.65,103,8,37.5,-0.5445268458986268,8,37.5,-0.503723240189698,8,37.5,-0.7213298495710688,8,50.0,0.3060852310276074,8,50.0,0.2374144046909303,8,37.5,0.6566870350876809,8,37.5,-0.41802297953406886,8,25.0,-0.10124948664587374,8,37.5,0.26780141642047184,8,37.5,-0.4559243787630166,8,50.0,-0.24263096779758875,8,37.5,-0.24199002670320668,5.774371393930102,-4.354239037995849
TEM,10m,5,2025-06-23 13:20:00,65.9,2025-06-23 15:50:00,65.65,15,3,100.0,1.0302178439436738,3,100.0,1.7621583376612036,3,66.66666666666666,1.7432105055590206,3,100.0,1.6155399031216848,3,100.0,1.7113241537126225,3,100.0,1.6225544205704452,3,66.66666666666666,0.15523846510497,3,66.66666666666666,0.937755635980794,3,33.33333333333333,-0.2782737472559312,3,33.33333333333333,-0.22409234689586385,3,0.0,-1.9290014470668517,3,0.0,-3.122836438957489,3.179392837686126,-3.4589260650892197
TEM,15m,3,2025-06-20 11:15:00,68.51,2025-06-23 15:45:00,65.65,44,1,100.0,1.8270708361030583,1,100.0,2.6038790181898523,1,100.0,1.263337384709018,1,0.0,-0.9562017694327077,1,100.0,0.07720424877181631,1,100.0,3.453115045254284,1,100.0,2.147668199292557,1,100.0,1.3475563072144365,1,0.0,-0.5334043582435642,1,0.0,-2.0213291061088814,1,100.0,0.21772262138036141,1,0.0,-3.480488336953655,3.453115045254284,-3.480488336953655
TEM,30m,3,2025-06-20 15:00:00,67.85,2025-06-23 15:30:00,65.65,0,0,0.0,0.0,0,0.0,0.0,0,0.0,0.0,0,0.0,0.0,0,0.0,0.0,0,0.0,0.0,0,0.0,0.0,0,0.0,0.0,0,0.0,0.0,0,0.0,0.0,0,0.0,0.0,0,0.0,0.0,0.0,0.0
TEM,1h,2,2025-04-09 12:30:00,40.13,2025-06-23 15:30:00,65.65,353,2,100.0,5.199919152974095,2,50.0,1.1441048036391328,2,50.0,-6.101757686844403,2,50.0,-1.1220352669244622,2,50.0,-0.4117375119836235,2,50.0,0.7343177276902746,2,50.0,1.1016084202283516,2,100.0,0.933963737733748,2,0.0,-0.9151737140424089,2,50.0,9.853908283212157,2,100.0,24.210359990670895,2,100.0,26.759075625483117,31.809117991254425,-12.676973189915842
TEM,2h,1,2025-04-07 11:30:00,43.55,2025-06-23 15:30:00,65.65,210,1,0.0,-5.499427094652057,1,0.0,-15.022961324575036,1,100.0,0.6429451180239324,1,0.0,-10.677377250616681,1,0.0,-3.2112481277982297,1,0.0,-3.6050510271609078,1,0.0,-6.153846962401625,1,0.0,-3.4211221762151913,1,100.0,22.870262362707027,1,100.0,23.44431518562247,1,100.0,18.737083789586027,1,100.0,59.012631947577745,59.012631947577745,-15.022961324575036
TEM,3h,0,,,2025-06-23 15:30:00,65.65,0,0,0.0,0.0,0,0.0,0.0,0,0.0,0.0,0,0.0,0.0,0,0.0,0.0,0,0.0,0.0,0,0.0,0.0,0,0.0,0.0,0,0.0,0.0,0,0.0,0.0,0,0.0,0.0,0,0.0,0.0,0.0,0.0
TEM,4h,0,,,2025-06-23 13:30:00,65.65,0,0,0.0,0.0,0,0.0,0.0,0,0.0,0.0,0,0.0,0.0,0,0.0,0.0,0,0.0,0.0,0,0.0,0.0,0,0.0,0.0,0,0.0,0.0,0,0.0,0.0,0,0.0,0.0,0,0.0,0.0,0.0,0.0
TEM,1d,3,2025-04-21 00:00:00,40.98,2025-06-23 00:00:00,65.65,0,0,0.0,0.0,0,0.0,0.0,0,0.0,0.0,0,0.0,0.0,0,0.0,0.0,0,0.0,0.0,0,0.0,0.0,0,0.0,0.0,0,0.0,0.0,0,0.0,0.0,0,0.0,0.0,0,0.0,0.0,0.0,0.0
TEM,1w,0,,,2025-06-29 00:00:00,65.65,0,0,0.0,0.0,0,0.0,0.0,0,0.0,0.0,0,0.0,0.0,0,0.0,0.0,0,0.0,0.0,0,0.0,0.0,0,0.0,0.0,0,0.0,0.0,0,0.0,0.0,0,0.0,0.0,0,0.0,0.0,0.0,0.0
AA,5m,10,2025-06-20 14:15:00,28.06,2025-06-23 15:55:00,28.71,98,9,66.66666666666666,0.07540000740059574,9,55.55555555555556,0.02050069055577858,9,66.66666666666666,0.029083804067106804,9,66.66666666666666,0.3966645735350321,9,55.55555555555556,-0.009996336892413325,9,66.66666666666666,0.31704644453926595,9,66.66666666666666,0.9520709725248803,9,66.66666666666666,1.0246666185594744,9,55.55555555555556,0.5862891836682919,9,55.55555555555556,1.111248680308148,9,66.66666666666666,1.081124815422301,9,55.55555555555556,1.0735120946727819,4.024213546427467,-3.2667863646238673
AA,10m,9,2025-06-20 14:10:00,28.06,2025-06-23 15:50:00,28.71,49,7,85.71428571428571,0.117720212506022,7,71.42857142857143,0.32268616441451803,7,57.14285714285714,0.16837060722893657,7,42.857142857142854,-0.028372011703517868,7,42.857142857142854,-0.03614233811495219,7,28.57142857142857,-0.4407349307838889,7,14.285714285714285,-0.8717639130730407,7,57.14285714285714,0.5512715462969936,7,57.14285714285714,0.7488453343667911,7,57.14285714285714,0.5537761285017736,7,57.14285714285714,0.023966582632265063,7,57.14285714285714,0.012216179807305463,5.449696332504368,-5.192926976128084
AA,15m,7,2025-06-20 15:15:00,27.94,2025-06-23 15:45:00,28.71,28,5,40.0,0.3020449790139351,5,80.0,0.8194991594322406,5,40.0,0.8175899047008542,5,40.0,0.0949765214030239,5,40.0,-0.1253698611629656,5,60.0,0.2515196928865139,5,60.0,0.43676631802021226,5,60.0,0.04288241705044893,5,60.0,-0.46211838220209883,5,60.0,-1.0193869126811057,5,40.0,-0.18473578384273662,5,0.0,-0.7066222845866034,3.9417409668746726,-5.657656557925113
AA,30m,0,,,2025-06-23 15:30:00,28.71,0,0,0.0,0.0,0,0.0,0.0,0,0.0,0.0,0,0.0,0.0,0,0.0,0.0,0,0.0,0.0,0,0.0,0.0,0,0.0,0.0,0,0.0,0.0,0,0.0,0.0,0,0.0,0.0,0,0.0,0.0,0.0,0.0
AA,1h,2,2025-05-29 15:30:00,27.64,2025-06-23 15:30:00,28.71,112,2,50.0,3.0412732172250676,2,0.0,-2.430681660628785,2,50.0,-2.1948484547778415,2,50.0,0.5602459578900925,2,100.0,2.491490105071708,2,50.0,2.637966826207003,2,100.0,3.287321372864376,2,50.0,0.38587188387302096,2,50.0,1.9259784852130668,2,100.0,7.2819570728382015,2,100.0,6.900279708224955,2,100.0,2.0417867523292674,9.733953866005539,-4.558611637863217
AA,2h,0,,,2025-06-23 15:30:00,28.71,0,0,0.0,0.0,0,0.0,0.0,0,0.0,0.0,0,0.0,0.0,0,0.0,0.0,0,0.0,0.0,0,0.0,0.0,0,0.0,0.0,0,0.0,0.0,0,0.0,0.0,0,0.0,0.0,0,0.0,0.0,0.0,0.0
AA,3h,0,,,2025-06-23 15:30:00,28.71,0,0,0.0,0.0,0,0.0,0.0,0,0.0,0.0,0,0.0,0.0,0,0.0,0.0,0,0.0,0.0,0,0.0,0.0,0,0.0,0.0,0,0.0,0.0,0,0.0,0.0,0,0.0,0.0,0,0.0,0.0,0.0,0.0
AA,4h,0,,,2025-06-23 13:30:00,28.71,0,0,0.0,0.0,0,0.0,0.0,0,0.0,0.0,0,0.0,0.0,0,0.0,0.0,0,0.0,0.0,0,0.0,0.0,0,0.0,0.0,0,0.0,0.0,0,0.0,0.0,0,0.0,0.0,0,0.0,0.0,0.0,0.0
AA,1d,4,2025-03-11 00:00:00,31.85,2025-06-23 00:00:00,28.71,71,1,100.0,15.539187373381797,1,100.0,15.003358437987623,1,100.0,20.596110012901995,1,100.0,31.1788410607701,1,100.0,28.73409414957589,1,100.0,40.89082108378447,1,100.0,40.254532279903394,1,100.0,52.27663809174462,1,100.0,53.552322439954025,1,100.0,54.99586100958881,1,100.0,22.499446168728362,1,100.0,20.95517701878347,54.99586100958881,15.003358437987623
AA,1w,0,,,2025-06-29 00:00:00,28.71,0,0,0.0,0.0,0,0.0,0.0,0,0.0,0.0,0,0.0,0.0,0,0.0,0.0,0,0.0,0.0,0,0.0,0.0,0,0.0,0.0,0,0.0,0.0,0,0.0,0.0,0,0.0,0.0,0,0.0,0.0,0.0,0.0
AAL,5m,19,2025-06-23 12:40:00,10.4,2025-06-23 15:55:00,10.9,39,17,23.52941176470588,-0.045291680034852885,17,35.294117647058826,0.07344736212615385,17,52.94117647058824,-0.12365076463686903,17,41.17647058823529,-0.1584125513458912,17,35.294117647058826,-0.25341161772216336,17,35.294117647058826,-0.23324235237987498,17,35.294117647058826,-0.25294194608017395,17,35.294117647058826,-0.34872538599268077,17,29.411764705882355,-0.38667359740300594,17,17.647058823529413,-0.7133871683456721,17,23.52941176470588,-0.43878658384431857,17,23.52941176470588,-1.3676113963247736,4.3305412546544835,-6.528585841340877
AAL,10m,8,2025-06-23 10:00:00,10.6,2025-06-23 15:50:00,10.9,35,7,14.285714285714285,-0.10820197545593027,7,57.14285714285714,0.07261826807830625,7,28.57142857142857,-0.04597857271725782,7,28.57142857142857,-0.18808167326560174,7,28.57142857142857,-0.4060829905513928,7,14.285714285714285,-0.2870212576967348,7,14.285714285714285,-0.6320908790807402,7,42.857142857142854,0.38086063394917385,7,28.57142857142857,-0.04360376525858963,7,42.857142857142854,0.7099848860407282,7,28.57142857142857,0.2957806921910772,7,42.857142857142854,-0.16967649183141492,4.457994789632631,-2.070451800601012
AAL,15m,6,2025-06-23 10:00:00,10.55,2025-06-23 15:45:00,10.9,23,5,60.0,0.13051713796751002,5,60.0,0.1634400025185616,5,20.0,-0.13209627260495524,5,20.0,-0.2350293804722395,5,60.0,-0.2258001395525307,5,80.0,0.9561226864740198,5,80.0,1.16807577059051,5,100.0,1.5151904826282174,5,80.0,1.1119914247452318,5,80.0,1.339116438024097,5,80.0,1.2366849489735388,5,60.0,1.0488897431471766,3.581661799770116,-1.466087467083629
AAL,30m,2,2025-06-23 10:00:00,10.57,2025-06-23 15:30:00,10.9,0,0,0.0,0.0,0,0.0,0.0,0,0.0,0.0,0,0.0,0.0,0,0.0,0.0,0,0.0,0.0,0,0.0,0.0,0,0.0,0.0,0,0.0,0.0,0,0.0,0.0,0,0.0,0.0,0,0.0,0.0,0.0,0.0
AAL,1h,3,2025-06-02 14:30:00,11.31,2025-06-23 15:30:00,10.9,99,2,100.0,3.8821672114569292,2,100.0,3.7313647509712395,2,50.0,-1.4927107945667313,2,50.0,-2.606473326215485,2,50.0,-3.252464176448697,2,50.0,-2.9344640591910576,2,50.0,-1.607819876767035,2,50.0,-0.6359137744914176,2,50.0,-2.628825200392211,2,50.0,-1.627046750981802,2,50.0,-3.2378056867386236,2,0.0,-3.820379644652198,5.23021918819937,-9.113064315385481
AAL,2h,1,2025-04-22 13:30:00,9.24,2025-06-23 15:30:00,10.9,169,1,100.0,2.704164446670315,1,100.0,0.8112472708873504,1,100.0,4.759335202858238,1,100.0,4.921578467694475,1,100.0,7.355330595925247,1,100.0,7.517573860761486,1,100.0,13.62899128695488,1,100.0,13.62899128695488,1,100.0,19.794482924381207,1,100.0,33.36938968453443,1,100.0,25.310980871325146,1,100.0,24.046508773133308,33.36938968453443,0.8112472708873504
AAL,3h,2,2025-04-22 09:30:00,9.27,2025-06-23 15:30:00,10.9,128,2,100.0,2.403188007994016,2,100.0,1.5377837170266448,2,100.0,3.9913117634254345,2,100.0,4.637764041166321,2,100.0,4.664235347745379,2,50.0,6.6543302466618774,2,100.0,8.384520683541032,2,100.0,13.425945348428177,2,100.0,20.681186271468444,2,100.0,22.898492983141313,2,100.0,25.432918612545713,2,100.0,25.312549160002515,28.06259397139924,-0.215871095764029
AAL,4h,1,2025-04-22 13:30:00,9.31,2025-06-23 13:30:00,10.9,0,0,0.0,0.0,0,0.0,0.0,0,0.0,0.0,0,0.0,0.0,0,0.0,0.0,0,0.0,0.0,0,0.0,0.0,0,0.0,0.0,0,0.0,0.0,0,0.0,0.0,0,0.0,0.0,0,0.0,0.0,0.0,0.0
AAL,1d,1,2025-04-09 00:00:00,11.12,2025-06-23 00:00:00,10.9,0,0,0.0,0.0,0,0.0,0.0,0,0.0,0.0,0,0.0,0.0,0,0.0,0.0,0,0.0,0.0,0,0.0,0.0,0,0.0,0.0,0,0.0,0.0,0,0.0,0.0,0,0.0,0.0,0,0.0,0.0,0.0,0.0
AAL,1w,0,,,2025-06-29 00:00:00,10.9,0,0,0.0,0.0,0,0.0,0.0,0,0.0,0.0,0,0.0,0.0,0,0.0,0.0,0,0.0,0.0,0,0.0,0.0,0,0.0,0.0,0,0.0,0.0,0,0.0,0.0,0,0.0,0.0,0,0.0,0.0,0.0,0.0
AAOI,5m,23,2025-06-13 15:35:00,15.41,2025-06-23 15:55:00,22.57,394,23,34.78260869565217,-0.19399229950663735,23,34.78260869565217,-0.02713164213680196,23,47.82608695652174,0.9486838676166096,23,56.52173913043478,3.145597073269916,23,65.21739130434783,3.433903961553992,23,52.17391304347826,2.9251792967121544,23,56.52173913043478,2.8649346660536343,23,43.47826086956522,2.367636717137381,23,52.17391304347826,1.0274210032245243,23,52.17391304347826,0.15740418584582813,23,65.21739130434783,1.1846770687434824,23,47.82608695652174,-0.06906084185796695,17.294293948820556,-12.57005848266402
AAOI,10m,6,2025-06-13 15:40:00,15.43,2025-06-23 15:50:00,22.57,196,6,66.66666666666666,1.3445056341883397,6,50.0,1.9268512542967,6,50.0,2.1056694607622677,6,66.66666666666666,4.0991390494920745,6,50.0,3.9042181843498263,6,50.0,2.842235540831336,6,66.66666666666666,3.1787582467454327,6,50.0,2.944306002476695,6,66.66666666666666,2.602771431120201,6,66.66666666666666,3.677840378742881,6,66.66666666666666,3.594998006474009,6,100.0,14.701529029260975,25.638863910248176,-9.053899254781705
AAOI,15m,1,2025-05-29 14:30:00,16.69,2025-06-23 15:45:00,22.57,421,1,0.0,-0.02996445749075439,1,100.0,1.4379854010694637,1,0.0,-6.291193272236467,1,0.0,-6.770521739259622,1,0.0,-7.2498559203288275,1,0.0,-6.231281499393111,1,0.0,-7.100062203105311,1,0.0,-6.440986989459985,1,0.0,-6.171364012503704,1,0.0,-1.8574078092953128,1,100.0,0.08987051628805968,1,100.0,3.0557232628071485,3.0557232628071485,-7.2498559203288275
AAOI,30m,0,,,2025-06-23 15:30:00,22.57,0,0,0.0,0.0,0,0.0,0.0,0,0.0,0.0,0,0.0,0.0,0,0.0,0.0,0,0.0,0.0,0,0.0,0.0,0,0.0,0.0,0,0.0,0.0,0,0.0,0.0,0,0.0,0.0,0,0.0,0.0,0.0,0.0
AAOI,1h,2,2025-04-17 13:30:00,10.56,2025-06-23 15:30:00,22.57,310,2,50.0,-2.5836957817568345,2,0.0,-6.076286678881301,2,50.0,-1.9542155465749185,2,100.0,2.7787152818232226,2,100.0,15.413854956673447,2,100.0,13.97121483762049,2,100.0,22.525461789813512,2,100.0,23.474668903710935,2,100.0,22.761109350962297,2,100.0,30.265593044874517,2,100.0,34.70939248956172,2,100.0,40.01623784509526,40.2882826675987,-7.200380927598457
AAOI,2h,2,2025-04-21 15:30:00,10.05,2025-06-23 15:30:00,22.57,172,2,50.0,0.5160788300510459,2,50.0,8.666072311801727,2,100.0,22.814403524754535,2,100.0,24.83470468546828,2,100.0,25.191732170408855,2,100.0,24.263868740172605,2,100.0,32.5337701034469,2,100.0,43.13255669415335,2,100.0,39.16792895138415,2,100.0,60.32635714119049,2,100.0,83.38010393489508,2,100.0,77.24086408601238,89.55222761709815,-7.027538365467388
AAOI,3h,0,,,2025-06-23 15:30:00,22.57,0,0,0.0,0.0,0,0.0,0.0,0,0.0,0.0,0,0.0,0.0,0,0.0,0.0,0,0.0,0.0,0,0.0,0.0,0,0.0,0.0,0,0.0,0.0,0,0.0,0.0,0,0.0,0.0,0,0.0,0.0,0.0,0.0
AAOI,4h,0,,,2025-06-23 13:30:00,22.57,0,0,0.0,0.0,0,0.0,0.0,0,0.0,0.0,0,0.0,0.0,0,0.0,0.0,0,0.0,0.0,0,0.0,0.0,0,0.0,0.0,0,0.0,0.0,0,0.0,0.0,0,0.0,0.0,0,0.0,0.0,0.0,0.0
AAOI,1d,4,2025-04-22 00:00:00,10.95,2025-06-23 00:00:00,22.57,0,0,0.0,0.0,0,0.0,0.0,0,0.0,0.0,0,0.0,0.0,0,0.0,0.0,0,0.0,0.0,0,0.0,0.0,0,0.0,0.0,0,0.0,0.0,0,0.0,0.0,0,0.0,0.0,0,0.0,0.0,0.0,0.0
AAOI,1w,0,,,2025-06-29 00:00:00,22.57,0,0,0.0,0.0,0,0.0,0.0,0,0.0,0.0,0,0.0,0.0,0,0.0,0.0,0,0.0,0.0,0,0.0,0.0,0,0.0,0.0,0,0.0,0.0,0,0.0,0.0,0,0.0,0.0,0,0.0,0.0,0.0,0.0
AAPL,5m,5,2025-06-23 12:40:00,200.26,2025-06-23 15:55:00,201.55,39,4,75.0,0.08381295621404364,4,75.0,0.023145503414571618,4,0.0,-0.211400467739238,4,50.0,0.03749751202457177,4,75.0,0.09807823164438734,4,50.0,0.14630342763229995,4,50.0,0.09129191905302808,4,25.0,-0.1935926267156181,4,25.0,-0.38225270798999905,4,25.0,-0.11482717286475913,4,50.0,-0.002430522119344497,4,50.0,-0.19382089866510957,1.043888248292924,-1.1988627373319307
AAPL,10m,9,2025-06-18 15:30:00,196.27,2025-06-23 15:50:00,201.55,80,7,85.71428571428571,0.3371293500610012,7,57.14285714285714,0.22013574927071256,7,71.42857142857143,0.2342624630713527,7,57.14285714285714,-0.022668391830772492,7,42.857142857142854,-0.08199988027938734,7,57.14285714285714,-0.0685488018286567,7,57.14285714285714,0.11643307291212257,7,85.71428571428571,0.3523017868575559,7,85.71428571428571,0.4032429238471735,7,85.71428571428571,0.30914679347562046,7,42.857142857142854,0.036295471053757015,7,57.14285714285714,0.41038497879404223,2.230932743488353,-1.7183826641554811
AAPL,15m,5,2025-06-18 15:30:00,196.29,2025-06-23 15:45:00,201.55,53,4,75.0,0.12131760796041485,4,75.0,0.1550744753917132,4,50.0,-0.3261190253369768,4,25.0,-0.46284865273527703,4,50.0,-0.18645377334655916,4,75.0,0.34596529265722353,4,75.0,0.18590045357551793,4,75.0,-0.22851955509667235,4,50.0,-0.11846404968122826,4,50.0,-0.0633180646062537,4,50.0,0.7311121007508177,4,75.0,0.9151582007700262,2.7972489772251397,-2.4099649379900363
AAPL,30m,3,2025-06-18 15:30:00,196.25,2025-06-23 15:30:00,201.55,0,0,0.0,0.0,0,0.0,0.0,0,0.0,0.0,0,0.0,0.0,0,0.0,0.0,0,0.0,0.0,0,0.0,0.0,0,0.0,0.0,0,0.0,0.0,0,0.0,0.0,0,0.0,0.0,0,0.0,0.0,0.0,0.0
AAPL,1h,1,2025-06-18 09:30:00,197.06,2025-06-23 15:30:00,201.55,0,0,0.0,0.0,0,0.0,0.0,0,0.0,0.0,0,0.0,0.0,0,0.0,0.0,0,0.0,0.0,0,0.0,0.0,0,0.0,0.0,0,0.0,0.0,0,0.0,0.0,0,0.0,0.0,0,0.0,0.0,0.0,0.0
AAPL,2h,2,2025-06-18 15:30:00,196.25,2025-06-23 15:30:00,201.55,0,0,0.0,0.0,0,0.0,0.0,0,0.0,0.0,0,0.0,0.0,0,0.0,0.0,0,0.0,0.0,0,0.0,0.0,0,0.0,0.0,0,0.0,0.0,0,0.0,0.0,0,0.0,0.0,0,0.0,0.0,0.0,0.0
AAPL,3h,0,,,2025-06-23 15:30:00,201.55,0,0,0.0,0.0,0,0.0,0.0,0,0.0,0.0,0,0.0,0.0,0,0.0,0.0,0,0.0,0.0,0,0.0,0.0,0,0.0,0.0,0,0.0,0.0,0,0.0,0.0,0,0.0,0.0,0,0.0,0.0,0.0,0.0
AAPL,4h,0,,,2025-06-23 13:30:00,201.55,0,0,0.0,0.0,0,0.0,0.0,0,0.0,0.0,0,0.0,0.0,0,0.0,0.0,0,0.0,0.0,0,0.0,0.0,0,0.0,0.0,0,0.0,0.0,0,0.0,0.0,0,0.0,0.0,0,0.0,0.0,0.0,0.0
AAPL,1d,3,2025-06-20 00:00:00,201.0,2025-06-23 00:00:00,201.5,0,0,0.0,0.0,0,0.0,0.0,0,0.0,0.0,0,0.0,0.0,0,0.0,0.0,0,0.0,0.0,0,0.0,0.0,0,0.0,0.0,0,0.0,0.0,0,0.0,0.0,0,0.0,0.0,0,0.0,0.0,0.0,0.0
AAPL,1w,0,,,2025-06-29 00:00:00,201.5,0,0,0.0,0.0,0,0.0,0.0,0,0.0,0.0,0,0.0,0.0,0,0.0,0.0,0,0.0,0.0,0,0.0,0.0,0,0.0,0.0,0,0.0,0.0,0,0.0,0.0,0,0.0,0.0,0,0.0,0.0,0.0,0.0
ACHR,5m,17,2025-06-18 09:35:00,10.1,2025-06-23 15:55:00,10.0,232,17,58.82352941176471,-0.018886800645863212,17,41.17647058823529,-0.23936861377755073,17,52.94117647058824,-0.18382667954010903,17,52.94117647058824,0.10278149963725858,17,47.05882352941176,0.535309283379024,17,58.82352941176471,0.5182673433547939,17,52.94117647058824,0.5096005827541226,17,47.05882352941176,0.15005719797724007,17,41.17647058823529,0.3216164201048699,17,41.17647058823529,-0.07059014979138277,17,47.05882352941176,0.5744647476739012,17,41.17647058823529,1.1313027112726584,17.013336181640625,-7.478834127329247
ACHR,10m,7,2025-06-05 14:30:00,9.45,2025-06-23 15:50:00,10.0,437,7,28.57142857142857,-1.085282052874511,7,28.57142857142857,-1.049783186793812,7,28.57142857142857,-0.6499826168778509,7,42.857142857142854,-0.676317732699754,7,57.14285714285714,-0.36223280778643346,7,57.14285714285714,0.047342837918008814,7,57.14285714285714,0.44667174959678313,7,57.14285714285714,-0.3536105406436713,7,71.42857142857143,1.0296730887400385,7,42.857142857142854,2.469591665912208,7,42.857142857142854,2.801294520699297,7,57.14285714285714,3.0016589234958757,19.642024709932464,-10.488496204735892
ACHR,15m,7,2025-06-17 14:30:00,9.98,2025-06-23 15:45:00,10.0,83,6,16.666666666666664,-0.32689401049557315,6,50.0,-0.016271455982936774,6,50.0,-0.308693551106094,6,50.0,-0.27786501651840106,6,50.0,-0.3330397037777239,6,66.66666666666666,0.0038571000528689523,6,33.33333333333333,0.6525386675017968,6,16.666666666666664,1.1237327413567357,6,50.0,0.776061396059292,6,50.0,1.3763613134563188,6,66.66666666666666,9.046709465073269,6,66.66666666666666,10.420741120307156,23.547556524691288,-11.248855306242854
ACHR,30m,5,2025-06-23 13:00:00,9.84,2025-06-23 15:30:00,10.0,5,4,100.0,0.6867438619784209,4,100.0,1.176398852231643,4,100.0,1.3426036860758326,4,25.0,2.5302942980861483,4,50.0,4.128341386048581,4,75.0,4.946171511245969,4,75.0,5.406860168544085,4,75.0,15.2851441252845,4,75.0,14.686811856420931,4,100.0,20.162610913420746,4,100.0,18.45194300114276,4,100.0,10.491361064171057,26.146908310746852,-4.08138088353075
ACHR,1h,4,2025-06-23 13:30:00,9.86,2025-06-23 15:30:00,10.0,2,2,100.0,3.4262223615174636,2,100.0,4.842472327190036,2,100.0,3.2989633141040375,2,100.0,2.919826594283757,2,100.0,9.436701036222074,2,50.0,5.382096793292081,2,50.0,2.681041578374649,2,50.0,4.7916502144321536,2,50.0,1.6829086163647853,2,50.0,2.9640158235073883,2,100.0,18.66011500978741,2,50.0,13.187754246086516,32.02875465068556,-9.19656452677088
ACHR,2h,2,2025-06-06 09:30:00,9.69,2025-06-23 15:30:00,10.0,43,1,100.0,1.7950618786271455,1,0.0,-4.936423732695572,1,100.0,11.144351412654167,1,100.0,2.5430078945260446,1,100.0,7.105458619272167,1,100.0,5.8339546720091455,1,100.0,5.235600712466764,1,100.0,8.601350651069966,1,100.0,27.89828367866639,1,100.0,31.114441560913075,1,100.0,25.579663868675123,1,100.0,67.16679763936716,67.16679763936716,-4.936423732695572
ACHR,3h,0,,,2025-06-23 15:30:00,10.0,0,0,0.0,0.0,0,0.0,0.0,0,0.0,0.0,0,0.0,0.0,0,0.0,0.0,0,0.0,0.0,0,0.0,0.0,0,0.0,0.0,0,0.0,0.0,0,0.0,0.0,0,0.0,0.0,0,0.0,0.0,0.0,0.0
ACHR,4h,0,,,2025-06-23 13:30:00,10.0,0,0,0.0,0.0,0,0.0,0.0,0,0.0,0.0,0,0.0,0.0,0,0.0,0.0,0,0.0,0.0,0,0.0,0.0,0,0.0,0.0,0,0.0,0.0,0,0.0,0.0,0,0.0,0.0,0,0.0,0.0,0.0,0.0
ACHR,1d,3,2025-04-09 00:00:00,7.43,2025-06-23 00:00:00,10.0,50,2,100.0,2.6106863418069937,2,0.0,-2.617111385522912,2,50.0,-0.001607231688687566,2,100.0,3.1057141617558868,2,100.0,4.764914579474189,2,100.0,8.683352998198295,2,100.0,16.808999985308287,2,100.0,82.74633996370488,2,100.0,141.83525535758176,2,100.0,199.9726809060117,2,100.0,221.91733059185964,2,100.0,201.45402980569838,230.921070587272,-2.931593359164861
ACHR,1w,0,,,2025-06-29 00:00:00,10.0,0,0,0.0,0.0,0,0.0,0.0,0,0.0,0.0,0,0.0,0.0,0,0.0,0.0,0,0.0,0.0,0,0.0,0.0,0,0.0,0.0,0,0.0,0.0,0,0.0,0.0,0,0.0,0.0,0,0.0,0.0,0.0,0.0
ADBE,5m,19,2025-06-20 15:10:00,374.45,2025-06-23 15:55:00,380.02,87,18,50.0,-0.4044278502434522,18,55.55555555555556,-0.41021287575430176,18,44.44444444444444,-0.5180623979956618,18,50.0,-0.4141989266511711,18,33.33333333333333,-0.49903066445382227,18,22.22222222222222,-0.4942025921395676,18,27.77777777777778,-0.458682922939304,18,33.33333333333333,-0.5080384096888262,18,16.666666666666664,-0.672465214185375,18,16.666666666666664,-0.7802474046867041,18,33.33333333333333,-0.7437816735243158,18,16.666666666666664,-0.9415789310041381,0.9079058801772893,-6.949676209465018
ADBE,10m,10,2025-06-20 15:10:00,374.72,2025-06-23 15:50:00,380.02,43,5,20.0,-0.1333182801275023,5,20.0,-0.08542841823041995,5,20.0,-0.14272446399555924,5,40.0,-0.0790489568606065,5,80.0,0.014626132012495624,5,80.0,0.09819095962587818,5,60.0,0.18000904652280478,5,60.0,0.010242863429506293,5,80.0,-1.1349385295404804,5,20.0,-1.4759304109127476,5,0.0,-2.8062307458698594,5,0.0,-2.4392620026725167,1.112133243921976,-6.818236783188279
ADBE,15m,10,2025-06-20 15:45:00,376.92,2025-06-23 15:45:00,380.02,26,4,25.0,-0.09685758373367946,4,0.0,-0.2752225272506509,4,25.0,-0.047101600408228764,4,75.0,0.1618433853211701,4,100.0,0.408815199065307,4,75.0,0.20410706730606404,4,50.0,-0.007350964751555083,4,25.0,-3.549663468927915,4,0.0,-4.15477525723061,4,0.0,-3.2708439827819222,4,0.0,-2.295541368232316,4,50.0,-3.1572695090856993,0.6707969674274703,-7.255695987392265
ADBE,30m,2,2025-06-18 13:30:00,381.0,2025-06-23 15:30:00,380.02,0,0,0.0,0.0,0,0.0,0.0,0,0.0,0.0,0,0.0,0.0,0,0.0,0.0,0,0.0,0.0,0,0.0,0.0,0,0.0,0.0,0,0.0,0.0,0,0.0,0.0,0,0.0,0.0,0,0.0,0.0,0.0,0.0
ADBE,1h,3,2025-06-20 10:30:00,377.43,2025-06-23 15:30:00,380.02,0,0,0.0,0.0,0,0.0,0.0,0,0.0,0.0,0,0.0,0.0,0,0.0,0.0,0,0.0,0.0,0,0.0,0.0,0,0.0,0.0,0,0.0,0.0,0,0.0,0.0,0,0.0,0.0,0,0.0,0.0,0.0,0.0
ADBE,2h,0,,,2025-06-23 15:30:00,380.02,0,0,0.0,0.0,0,0.0,0.0,0,0.0,0.0,0,0.0,0.0,0,0.0,0.0,0,0.0,0.0,0,0.0,0.0,0,0.0,0.0,0,0.0,0.0,0,0.0,0.0,0,0.0,0.0,0,0.0,0.0,0.0,0.0
ADBE,3h,0,,,2025-06-23 15:30:00,380.02,0,0,0.0,0.0,0,0.0,0.0,0,0.0,0.0,0,0.0,0.0,0,0.0,0.0,0,0.0,0.0,0,0.0,0.0,0,0.0,0.0,0,0.0,0.0,0,0.0,0.0,0,0.0,0.0,0,0.0,0.0,0.0,0.0
ADBE,4h,0,,,2025-06-23 13:30:00,380.02,0,0,0.0,0.0,0,0.0,0.0,0,0.0,0.0,0,0.0,0.0,0,0.0,0.0,0,0.0,0.0,0,0.0,0.0,0,0.0,0.0,0,0.0,0.0,0,0.0,0.0,0,0.0,0.0,0,0.0,0.0,0.0,0.0
ADBE,1d,6,2025-04-17 00:00:00,348.8,2025-06-23 00:00:00,380.12,44,1,0.0,-0.533597061601005,1,100.0,0.2122002406750974,1,100.0,8.452989765649853,1,100.0,2.929596875499049,1,100.0,8.22224848886469,1,100.0,10.527611620306741,1,100.0,13.296519516185212,1,0.0,-7.258083174999968,1,0.0,-15.84087276787679,1,0.0,-8.766150317567899,1,0.0,-9.04221622280931,1,0.0,-18.043225951666304,13.296519516185212,-18.043225951666304
ADBE,1w,0,,,2025-06-29 00:00:00,380.12,0,0,0.0,0.0,0,0.0,0.0,0,0.0,0.0,0,0.0,0.0,0,0.0,0.0,0,0.0,0.0,0,0.0,0.0,0,0.0,0.0,0,0.0,0.0,0,0.0,0.0,0,0.0,0.0,0,0.0,0.0,0.0,0.0
AFRM,5m,4,2025-06-17 14:50:00,59.63,2025-06-23 15:55:00,62.19,247,4,25.0,-0.17345299201555,4,50.0,0.10237068204478755,4,75.0,0.6228957429348609,4,100.0,1.0949883728065424,4,100.0,1.7111098867427859,4,100.0,2.6207052592462983,4,100.0,2.9114509398538213,4,100.0,2.9188395606220614,4,100.0,3.659552785680744,4,100.0,3.7795957725806737,4,100.0,3.543530947096655,4,100.0,4.298389336950007,5.226342651857113,-0.7012826402164002
AFRM,10m,2,2025-06-02 10:40:00,51.8,2025-06-23 15:50:00,62.19,577,2,100.0,1.1847259396526622,2,100.0,1.3406818953835498,2,100.0,1.900992438501392,2,100.0,2.0851467721805927,2,100.0,1.6838966620010796,2,100.0,2.0848556887692657,2,100.0,2.5690355451446676,2,100.0,4.725587300262946,2,100.0,4.967520180153487,2,100.0,5.432704537397829,2,100.0,5.517791417181451,2,100.0,4.600317884664438,5.9040196294740035,0.9266400565753489
AFRM,15m,2,2025-06-02 10:45:00,52.12,2025-06-23 15:45:00,62.19,384,2,100.0,1.0002503835876608,2,100.0,1.2725786268273738,2,100.0,1.7820692052441909,2,100.0,1.5886829349718634,2,100.0,2.2072119120776668,2,100.0,4.377350272593082,2,100.0,4.327864164401477,2,100.0,5.3886953170207335,2,100.0,5.652579302402952,2,100.0,4.077224901594245,2,100.0,9.960529383922154,2,100.0,9.553622466083173,11.08979799011121,0.5947839210360578
AFRM,30m,0,,,2025-06-23 15:30:00,62.19,0,0,0.0,0.0,0,0.0,0.0,0,0.0,0.0,0,0.0,0.0,0,0.0,0.0,0,0.0,0.0,0,0.0,0.0,0,0.0,0.0,0,0.0,0.0,0,0.0,0.0,0,0.0,0.0,0,0.0,0.0,0.0,0.0
AFRM,1h,1,2025-03-31 11:30:00,45.57,2025-06-23 15:30:00,62.19,403,1,0.0,-0.954578398516914,1,0.0,-2.304145806654031,1,0.0,-0.19749869034586084,1,100.0,6.036865194440738,1,0.0,-13.49572430780028,1,0.0,-14.570988444405453,1,0.0,-25.082291818566738,1,0.0,-12.113233475379255,1,0.0,-12.025454419431869,1,0.0,-10.642963587010842,1,0.0,-8.73228325496057,1,0.0,-11.992539366219479,6.036865194440738,-25.082291818566738
AFRM,2h,0,,,2025-06-23 15:30:00,62.19,0,0,0.0,0.0,0,0.0,0.0,0,0.0,0.0,0,0.0,0.0,0,0.0,0.0,0,0.0,0.0,0,0.0,0.0,0,0.0,0.0,0,0.0,0.0,0,0.0,0.0,0,0.0,0.0,0,0.0,0.0,0.0,0.0
AFRM,3h,0,,,2025-06-23 15:30:00,62.19,0,0,0.0,0.0,0,0.0,0.0,0,0.0,0.0,0,0.0,0.0,0,0.0,0.0,0,0.0,0.0,0,0.0,0.0,0,0.0,0.0,0,0.0,0.0,0,0.0,0.0,0,0.0,0.0,0,0.0,0.0,0.0,0.0
AFRM,4h,0,,,2025-06-23 13:30:00,62.19,0,0,0.0,0.0,0,0.0,0.0,0,0.0,0.0,0,0.0,0.0,0,0.0,0.0,0,0.0,0.0,0,0.0,0.0,0,0.0,0.0,0,0.0,0.0,0,0.0,0.0,0,0.0,0.0,0,0.0,0.0,0.0,0.0
AFRM,1d,2,2025-04-09 00:00:00,44.3,2025-06-23 00:00:00,62.19,50,1,0.0,-13.184875676471611,1,0.0,-14.740190672829511,1,0.0,-6.044542016549502,1,100.0,5.16083081379936,1,100.0,11.629547195853753,1,100.0,40.12017711845141,1,100.0,47.54330267821674,1,100.0,47.18981280341271,1,100.0,48.49769162953776,1,100.0,48.56838960449856,1,100.0,132.37891741349242,1,100.0,132.02544102294834,132.37891741349242,-14.740190672829511
AFRM,1w,0,,,2025-06-29 00:00:00,62.19,0,0,0.0,0.0,0,0.0,0.0,0,0.0,0.0,0,0.0,0.0,0,0.0,0.0,0,0.0,0.0,0,0.0,0.0,0,0.0,0.0,0,0.0,0.0,0,0.0,0.0,0,0.0,0.0,0,0.0,0.0,0.0,0.0
ALAB,5m,11,2025-06-23 15:40:00,86.37,2025-06-23 15:55:00,85.92,3,9,33.33333333333333,-0.7740364542809062,9,33.33333333333333,-1.1050392226942467,9,22.22222222222222,-1.4017662083688132,9,11.11111111111111,-1.3234740152095392,9,22.22222222222222,-0.7583327626987889,9,44.44444444444444,-0.10265762949515375,9,66.66666666666666,-0.15608511660984029,9,44.44444444444444,-0.40757793552965604,9,44.44444444444444,-0.5809011193082154,9,44.44444444444444,-0.715149247419191,9,66.66666666666666,0.957412427316308,9,55.55555555555556,-0.5345604551712323,5.5970921918829335,-9.950948545542117
ALAB,10m,6,2025-06-23 14:50:00,87.54,2025-06-23 15:50:00,85.92,6,4,25.0,-0.15398313067826386,4,50.0,0.4420473713387807,4,50.0,1.2402361486022455,4,75.0,0.849057066246071,4,75.0,1.5336159668019396,4,75.0,1.4697268156396235,4,75.0,1.8233449478456252,4,50.0,0.06068186370918538,4,50.0,-2.2321585275388514,4,75.0,-1.9505181088787866,4,50.0,-2.0056757555728026,4,0.0,-4.782032462964323,5.524744226913942,-10.437948223057964
ALAB,15m,2,2025-06-09 14:30:00,91.58,2025-06-23 15:45:00,85.92,239,2,50.0,-0.36048149465696155,2,50.0,0.0007148467240318812,2,0.0,-0.9453063662611267,2,0.0,-1.5601793641794264,2,0.0,-1.4261339915510076,2,0.0,-1.7051441855703355,2,0.0,-4.541749386750348,2,50.0,-3.3500146811246667,2,50.0,-2.7689724316817803,2,50.0,-1.4165843176956656,2,50.0,-0.02565005820791222,2,50.0,-1.6060265651542358,3.735682217499498,-10.435711579748832
ALAB,30m,2,2025-06-10 14:00:00,90.13,2025-06-23 15:30:00,85.92,107,2,50.0,-0.10058708997063748,2,50.0,0.9684190270706664,2,50.0,1.0433999365620357,2,50.0,-1.9800375794411784,2,50.0,-3.7043072219046733,2,50.0,-2.619581314393823,2,50.0,-2.308146690487349,2,50.0,-1.6054462606526974,2,50.0,1.1894614765637952,2,50.0,1.3744618571848528,2,50.0,0.672589298242904,2,0.0,-5.022992806877276,9.336515224633745,-11.103279852143645
ALAB,1h,2,2025-06-16 09:30:00,97.06,2025-06-23 15:30:00,85.92,0,0,0.0,0.0,0,0.0,0.0,0,0.0,0.0,0,0.0,0.0,0,0.0,0.0,0,0.0,0.0,0,0.0,0.0,0,0.0,0.0,0,0.0,0.0,0,0.0,0.0,0,0.0,0.0,0,0.0,0.0,0.0,0.0
ALAB,2h,2,2025-06-16 09:30:00,95.41,2025-06-23 15:30:00,85.92,19,1,100.0,2.3717478974134556,1,0.0,-3.2649661570091837,1,100.0,16.089254394565856,1,100.0,7.205794420946668,1,100.0,6.718781500954017,1,100.0,7.6792728969146005,1,100.0,5.970224223145619,1,0.0,-1.2988800195963888,1,100.0,16.431971012757607,1,100.0,17.978682046529038,1,100.0,27.597164853931904,1,100.0,55.21256370718537,55.21256370718537,-3.2649661570091837
ALAB,3h,1,2025-06-16 09:30:00,96.21,2025-06-23 15:30:00,85.92,0,0,0.0,0.0,0,0.0,0.0,0,0.0,0.0,0,0.0,0.0,0,0.0,0.0,0,0.0,0.0,0,0.0,0.0,0,0.0,0.0,0,0.0,0.0,0,0.0,0.0,0,0.0,0.0,0,0.0,0.0,0.0,0.0
ALAB,4h,0,,,2025-06-23 13:30:00,85.92,0,0,0.0,0.0,0,0.0,0.0,0,0.0,0.0,0,0.0,0.0,0,0.0,0.0,0,0.0,0.0,0,0.0,0.0,0,0.0,0.0,0,0.0,0.0,0,0.0,0.0,0,0.0,0.0,0,0.0,0.0,0.0,0.0
ALAB,1d,1,2025-04-09 00:00:00,64.33,2025-06-23 00:00:00,85.95,0,0,0.0,0.0,0,0.0,0.0,0,0.0,0.0,0,0.0,0.0,0,0.0,0.0,0,0.0,0.0,0,0.0,0.0,0,0.0,0.0,0,0.0,0.0,0,0.0,0.0,0,0.0,0.0,0,0.0,0.0,0.0,0.0
ALAB,1w,0,,,2025-06-29 00:00:00,85.95,0,0,0.0,0.0,0,0.0,0.0,0,0.0,0.0,0,0.0,0.0,0,0.0,0.0,0,0.0,0.0,0,0.0,0.0,0,0.0,0.0,0,0.0,0.0,0,0.0,0.0,0,0.0,0.0,0,0.0,0.0,0.0,0.0
AMD,5m,15,2025-06-18 15:10:00,126.73,2025-06-23 15:55:00,129.59,165,15,40.0,-0.06952491176323226,15,33.33333333333333,-0.08945537979543136,15,53.333333333333336,0.009244107020950723,15,66.66666666666666,0.6193557674915102,15,60.0,0.5963439817187869,15,53.333333333333336,0.7028588713617724,15,60.0,0.7897269896277008,15,53.333333333333336,0.6095612990889344,15,53.333333333333336,0.6452528826196967,15,40.0,0.30151756086390497,15,33.33333333333333,-0.10146095225836498,15,46.666666666666664,0.9293067963832133,11.979876005534178,-3.5747642084305595
AMD,10m,3,2025-06-18 15:30:00,126.6,2025-06-23 15:50:00,129.59,80,1,0.0,-0.021579017606660353,1,100.0,0.21152838595930526,1,100.0,6.29830001342431,1,100.0,9.315779149425738,1,100.0,9.786407247704332,1,100.0,9.743150407465338,1,100.0,10.502829314845112,1,100.0,9.202423436973657,1,100.0,12.596586852845196,1,100.0,10.45975032365233,1,100.0,9.682714666762925,1,100.0,10.45249803476804,12.596586852845196,-0.021579017606660353
AMD,15m,2,2025-06-13 15:00:00,116.19,2025-06-23 15:45:00,129.59,133,2,50.0,0.42014984737376254,2,100.0,2.8355767326143426,2,100.0,4.962449002555883,2,50.0,4.525076730150479,2,50.0,4.459307153718031,2,50.0,3.8954418157422612,2,50.0,3.757193745757413,2,50.0,3.3194461949725365,2,50.0,3.1800742732512837,2,50.0,5.033220103872149,2,100.0,5.01831933504413,2,100.0,6.680693065568131,10.79266117793279,-3.628766122066282
AMD,30m,0,,,2025-06-23 15:30:00,129.59,0,0,0.0,0.0,0,0.0,0.0,0,0.0,0.0,0,0.0,0.0,0,0.0,0.0,0,0.0,0.0,0,0.0,0.0,0,0.0,0.0,0,0.0,0.0,0,0.0,0.0,0,0.0,0.0,0,0.0,0.0,0.0,0.0
AMD,1h,0,,,2025-06-23 15:30:00,129.59,0,0,0.0,0.0,0,0.0,0.0,0,0.0,0.0,0,0.0,0.0,0,0.0,0.0,0,0.0,0.0,0,0.0,0.0,0,0.0,0.0,0,0.0,0.0,0,0.0,0.0,0,0.0,0.0,0,0.0,0.0,0.0,0.0
AMD,2h,0,,,2025-06-23 15:30:00,129.59,0,0,0.0,0.0,0,0.0,0.0,0,0.0,0.0,0,0.0,0.0,0,0.0,0.0,0,0.0,0.0,0,0.0,0.0,0,0.0,0.0,0,0.0,0.0,0,0.0,0.0,0,0.0,0.0,0,0.0,0.0,0.0,0.0
AMD,3h,0,,,2025-06-23 15:30:00,129.59,0,0,0.0,0.0,0,0.0,0.0,0,0.0,0.0,0,0.0,0.0,0,0.0,0.0,0,0.0,0.0,0,0.0,0.0,0,0.0,0.0,0,0.0,0.0,0,0.0,0.0,0,0.0,0.0,0,0.0,0.0,0.0,0.0
AMD,4h,0,,,2025-06-23 13:30:00,129.59,0,0,0.0,0.0,0,0.0,0.0,0,0.0,0.0,0,0.0,0.0,0,0.0,0.0,0,0.0,0.0,0,0.0,0.0,0,0.0,0.0,0,0.0,0.0,0,0.0,0.0,0,0.0,0.0,0,0.0,0.0,0.0,0.0
AMD,1d,1,2025-02-12 00:00:00,111.72,2025-06-23 00:00:00,129.58,0,0,0.0,0.0,0,0.0,0.0,0,0.0,0.0,0,0.0,0.0,0,0.0,0.0,0,0.0,0.0,0,0.0,0.0,0,0.0,0.0,0,0.0,0.0,0,0.0,0.0,0,0.0,0.0,0,0.0,0.0,0.0,0.0
AMD,1w,0,,,2025-06-29 00:00:00,129.58,0,0,0.0,0.0,0,0.0,0.0,0,0.0,0.0,0,0.0,0.0,0,0.0,0.0,0,0.0,0.0,0,0.0,0.0,0,0.0,0.0,0,0.0,0.0,0,0.0,0.0,0,0.0,0.0,0,0.0,0.0,0.0,0.0
AMZN,5m,9,2025-06-23 09:45:00,208.88,2025-06-23 15:55:00,208.48,74,7,57.14285714285714,0.0501026642228939,7,71.42857142857143,0.027521730987265663,7,28.57142857142857,-0.2655635756721021,7,42.857142857142854,-0.4370997118402517,7,14.285714285714285,-0.6110252461412559,7,57.14285714285714,-0.33098096801951166,7,28.57142857142857,-0.6646760342328601,7,42.857142857142854,-0.6062931553551707,7,28.57142857142857,-0.6601374828829127,7,57.14285714285714,-0.5324862270415067,7,28.57142857142857,-0.7615319818720565,7,28.57142857142857,-0.44699307582879816,1.9072038598264704,-3.140246960309925
AMZN,10m,4,2025-06-23 13:10:00,208.69,2025-06-23 15:50:00,208.48,16,1,100.0,0.6187187009840828,1,100.0,0.8239442908947556,1,100.0,1.2075021972714817,1,100.0,0.9540681386820071,1,100.0,0.8405195647480487,1,100.0,0.3830882495325831,1,100.0,0.2841207142367874,1,100.0,1.6336832686266627,1,100.0,1.9130640614825607,1,100.0,2.1166783671433276,1,100.0,2.4382054426436275,1,100.0,1.7852090175270154,2.4382054426436275,0.2841207142367874
AMZN,15m,1,2025-06-13 10:45:00,211.75,2025-06-23 15:45:00,208.48,150,1,100.0,0.5810600997807774,1,100.0,0.9092814109336869,1,100.0,0.7066327828437132,1,100.0,0.059219345197475404,1,100.0,0.16547980568445184,1,100.0,1.2398591014829914,1,100.0,1.7298274827627604,1,100.0,1.8915745528896202,1,100.0,1.9978278073233966,1,100.0,1.7711469918114735,1,100.0,2.3000712966903607,1,100.0,0.16075263478526178,2.3000712966903607,0.059219345197475404
AMZN,30m,0,,,2025-06-23 15:30:00,208.48,0,0,0.0,0.0,0,0.0,0.0,0,0.0,0.0,0,0.0,0.0,0,0.0,0.0,0,0.0,0.0,0,0.0,0.0,0,0.0,0.0,0,0.0,0.0,0,0.0,0.0,0,0.0,0.0,0,0.0,0.0,0.0,0.0
AMZN,1h,1,2025-04-21 15:30:00,167.31,2025-06-23 15:30:00,208.48,301,1,100.0,5.543005325756136,1,100.0,3.4308153306189575,1,100.0,8.756981869665443,1,100.0,9.811134292302624,1,100.0,10.89593927054761,1,100.0,12.760747364208541,1,100.0,11.028335328196667,1,100.0,12.330407736446025,1,100.0,13.077523879079544,1,100.0,14.054748510418952,1,100.0,12.269266786492228,1,100.0,23.641747959931518,23.641747959931518,3.4308153306189575
AMZN,2h,1,2025-04-22 09:30:00,173.92,2025-06-23 15:30:00,208.48,171,1,0.0,-0.45422797518972813,1,100.0,4.622820049199769,1,100.0,6.681230013526032,1,100.0,8.641903712934026,1,100.0,7.115340461295869,1,100.0,4.467573800750148,1,100.0,10.214466177944399,1,100.0,7.4114532689490575,1,100.0,11.49954013946807,1,100.0,22.65409933882382,1,100.0,17.243045963856357,1,100.0,18.238271363072588,22.65409933882382,-0.45422797518972813
AMZN,3h,1,2025-04-22 09:30:00,176.58,2025-06-23 15:30:00,208.48,128,1,100.0,3.0451819464392167,1,100.0,2.2402899812825265,1,100.0,7.24923826597788,1,100.0,5.873861287459033,1,100.0,4.38092222764979,1,100.0,7.807046794720188,1,100.0,5.561433899650459,1,100.0,9.34739089517325,1,100.0,19.059487795707952,1,100.0,15.45638498630689,1,100.0,16.479974394710823,1,100.0,23.012278389428,23.012278389428,2.2402899812825265
AMZN,4h,1,2025-04-22 09:30:00,173.04,2025-06-23 13:30:00,208.48,0,0,0.0,0.0,0,0.0,0.0,0,0.0,0.0,0,0.0,0.0,0,0.0,0.0,0,0.0,0.0,0,0.0,0.0,0,0.0,0.0,0,0.0,0.0,0,0.0,0.0,0,0.0,0.0,0,0.0,0.0,0.0,0.0
AMZN,1d,1,2025-04-22 00:00:00,173.18,2025-06-23 00:00:00,208.47,0,0,0.0,0.0,0,0.0,0.0,0,0.0,0.0,0,0.0,0.0,0,0.0,0.0,0,0.0,0.0,0,0.0,0.0,0,0.0,0.0,0,0.0,0.0,0,0.0,0.0,0,0.0,0.0,0,0.0,0.0,0.0,0.0
AMZN,1w,0,,,2025-06-29 00:00:00,208.47,0,0,0.0,0.0,0,0.0,0.0,0,0.0,0.0,0,0.0,0.0,0,0.0,0.0,0,0.0,0.0,0,0.0,0.0,0,0.0,0.0,0,0.0,0.0,0,0.0,0.0,0,0.0,0.0,0,0.0,0.0,0.0,0.0
APP,5m,13,2025-06-23 09:35:00,324.96,2025-06-23 15:55:00,335.57,76,12,16.666666666666664,-0.21904945051375802,12,25.0,-0.20206415123136012,12,25.0,-0.9062905057209659,12,25.0,-1.375180439285758,12,16.666666666666664,-1.4696066158078258,12,25.0,-1.1088542710207276,12,8.333333333333332,-1.576106595002089,12,8.333333333333332,-1.693045458127845,12,33.33333333333333,-1.2982521057236593,12,50.0,-1.2195637140801499,12,16.666666666666664,-1.8395367139044,12,25.0,-1.7058834727817915,3.086485236477825,-8.477200873604254
APP,10m,7,2025-06-20 12:50:00,323.54,2025-06-23 15:50:00,335.57,57,5,40.0,0.11370523383811493,5,40.0,-0.39724112340097245,5,40.0,-0.15729149703731943,5,40.0,-0.7601810632116827,5,40.0,-0.4880618514962392,5,40.0,-0.722871392705404,5,60.0,-0.20478043149727262,5,60.0,-0.2219641024721907,5,60.0,0.10533849421941274,5,40.0,-0.3143578328969903,5,40.0,-1.010975387164821,5,40.0,-1.2964188021823684,3.689512752720039,-4.970313051453376
APP,15m,4,2025-06-18 10:15:00,357.79,2025-06-23 15:45:00,335.57,74,2,100.0,1.0795715393237233,2,100.0,0.9392779936844194,2,100.0,1.242316977013652,2,100.0,1.3613996296546387,2,50.0,0.5535487889951665,2,100.0,0.9012012405943988,2,50.0,0.669478175896784,2,0.0,-1.4580502732540703,2,50.0,0.02625326307323833,2,50.0,0.19265379325930326,2,0.0,-2.915963918603322,2,0.0,-3.2080082484731722,2.047267699405591,-4.962185102119723
APP,30m,3,2025-06-17 15:00:00,362.68,2025-06-23 15:30:00,335.57,0,0,0.0,0.0,0,0.0,0.0,0,0.0,0.0,0,0.0,0.0,0,0.0,0.0,0,0.0,0.0,0,0.0,0.0,0,0.0,0.0,0,0.0,0.0,0,0.0,0.0,0,0.0,0.0,0,0.0,0.0,0.0,0.0
APP,1h,3,2025-06-16 09:30:00,374.43,2025-06-23 15:30:00,335.57,34,2,100.0,5.235333824887262,2,100.0,2.905468643932842,2,100.0,9.656182257799554,2,50.0,5.238793028184848,2,100.0,21.51021988640707,2,100.0,21.184177316958987,2,100.0,16.991824406942705,2,100.0,14.815349349201782,2,100.0,12.86066713242046,2,100.0,20.472398299508562,2,100.0,21.94610136274886,2,100.0,37.69915030243354,53.24399584620371,-1.0541256513775557
APP,2h,0,,,2025-06-23 15:30:00,335.57,0,0,0.0,0.0,0,0.0,0.0,0,0.0,0.0,0,0.0,0.0,0,0.0,0.0,0,0.0,0.0,0,0.0,0.0,0,0.0,0.0,0,0.0,0.0,0,0.0,0.0,0,0.0,0.0,0,0.0,0.0,0.0,0.0
APP,3h,1,2025-04-22 09:30:00,241.49,2025-06-23 15:30:00,335.57,128,1,100.0,5.459739466731233,1,100.0,4.412099213123008,1,100.0,15.047310176730136,1,100.0,18.43342885175201,1,100.0,11.50956085621841,1,100.0,26.669289252990026,1,100.0,25.079195704249095,1,100.0,36.74403928167588,1,100.0,55.98667459929526,1,100.0,51.272287139588144,1,100.0,59.17100661316355,1,100.0,60.338723072575974,60.338723072575974,4.412099213123008
APP,4h,0,,,2025-06-23 13:30:00,335.57,0,0,0.0,0.0,0,0.0,0.0,0,0.0,0.0,0,0.0,0.0,0,0.0,0.0,0,0.0,0.0,0,0.0,0.0,0,0.0,0.0,0,0.0,0.0,0,0.0,0.0,0,0.0,0.0,0,0.0,0.0,0.0,0.0
APP,1d,4,2025-04-22 00:00:00,237.71,2025-06-23 00:00:00,335.4,0,0,0.0,0.0,0,0.0,0.0,0,0.0,0.0,0,0.0,0.0,0,0.0,0.0,0,0.0,0.0,0,0.0,0.0,0,0.0,0.0,0,0.0,0.0,0,0.0,0.0,0,0.0,0.0,0,0.0,0.0,0.0,0.0
APP,1w,0,,,2025-06-29 00:00:00,335.4,0,0,0.0,0.0,0,0.0,0.0,0,0.0,0.0,0,0.0,0.0,0,0.0,0.0,0,0.0,0.0,0,0.0,0.0,0,0.0,0.0,0,0.0,0.0,0,0.0,0.0,0,0.0,0.0,0,0.0,0.0,0.0,0.0
ASML,5m,10,2025-06-17 14:20:00,760.38,2025-06-23 15:55:00,780.14,253,10,30.0,-0.21900790447544072,10,30.0,-0.21010110507868968,10,10.0,-0.4777662261923381,10,20.0,-0.3146250282721084,10,30.0,-0.17102654169183804,10,30.0,-0.16675822734172024,10,60.0,0.20779800243531307,10,70.0,0.18118103212674072,10,50.0,-0.15386914459170492,10,60.0,-0.15028360834554663,10,60.0,-0.028233801227519183,10,40.0,-0.34257551902287087,1.9067028297246258,-2.9442076118214997
ASML,10m,4,2025-06-18 15:30:00,760.28,2025-06-23 15:50:00,780.14,80,3,66.66666666666666,0.40311363885385143,3,66.66666666666666,0.620411719810259,3,100.0,1.5203179280429902,3,100.0,1.6022946731493952,3,100.0,1.5768903281612516,3,100.0,1.6292137433178502,3,100.0,1.433634375044038,3,66.66666666666666,0.7490561590172437,3,100.0,0.6867140311564017,3,66.66666666666666,0.3116377012585361,3,0.0,-0.5661540765765132,3,66.66666666666666,0.0879780488314227,1.9649847866004992,-0.6683061125082226
ASML,15m,7,2025-06-18 15:30:00,761.53,2025-06-23 15:45:00,780.14,53,4,25.0,-0.06645409416670334,4,50.0,0.27330477647487467,4,50.0,-0.09627637700832242,4,50.0,-0.02662831227194068,4,50.0,0.2677981985507738,4,50.0,-0.03475423826629298,4,25.0,-0.3054861368768094,4,25.0,-0.037391728918191425,4,0.0,-1.0063798397288974,4,50.0,-0.37971609119391625,4,25.0,-0.7776733579328386,4,0.0,-1.0208838982856863,1.8328759756958495,-2.8031853407212672
ASML,30m,2,2025-06-20 09:30:00,764.88,2025-06-23 15:30:00,780.14,0,0,0.0,0.0,0,0.0,0.0,0,0.0,0.0,0,0.0,0.0,0,0.0,0.0,0,0.0,0.0,0,0.0,0.0,0,0.0,0.0,0,0.0,0.0,0,0.0,0.0,0,0.0,0.0,0,0.0,0.0,0.0,0.0
ASML,1h,0,,,2025-06-23 15:30:00,780.14,0,0,0.0,0.0,0,0.0,0.0,0,0.0,0.0,0,0.0,0.0,0,0.0,0.0,0,0.0,0.0,0,0.0,0.0,0,0.0,0.0,0,0.0,0.0,0,0.0,0.0,0,0.0,0.0,0,0.0,0.0,0.0,0.0
ASML,2h,2,2025-06-03 11:30:00,746.48,2025-06-23 15:30:00,780.14,0,0,0.0,0.0,0,0.0,0.0,0,0.0,0.0,0,0.0,0.0,0,0.0,0.0,0,0.0,0.0,0,0.0,0.0,0,0.0,0.0,0,0.0,0.0,0,0.0,0.0,0,0.0,0.0,0,0.0,0.0,0.0,0.0
ASML,3h,0,,,2025-06-23 15:30:00,780.14,0,0,0.0,0.0,0,0.0,0.0,0,0.0,0.0,0,0.0,0.0,0,0.0,0.0,0,0.0,0.0,0,0.0,0.0,0,0.0,0.0,0,0.0,0.0,0,0.0,0.0,0,0.0,0.0,0,0.0,0.0,0.0,0.0
ASML,4h,0,,,2025-06-23 13:30:00,780.14,0,0,0.0,0.0,0,0.0,0.0,0,0.0,0.0,0,0.0,0.0,0,0.0,0.0,0,0.0,0.0,0,0.0,0.0,0,0.0,0.0,0,0.0,0.0,0,0.0,0.0,0,0.0,0.0,0,0.0,0.0,0.0,0.0
ASML,1d,4,2024-11-07 00:00:00,673.69,2025-06-23 00:00:00,779.72,153,4,25.0,-1.8768246181647967,4,25.0,-1.4241098224666175,4,25.0,-1.7579458497785008,4,50.0,-0.6696249309437499,4,75.0,2.6995836109002815,4,75.0,-0.5461587844640732,4,50.0,-0.24305834814795801,4,75.0,0.058866093016649135,4,75.0,1.7478590516251806,4,50.0,0.4357976108884567,4,75.0,4.662997041478507,4,0.0,-4.895057964399875,12.79305687949579,-17.710653820236473
ASML,1w,1,2025-04-27 00:00:00,675.18,2025-06-29 00:00:00,779.72,0,0,0.0,0.0,0,0.0,0.0,0,0.0,0.0,0,0.0,0.0,0,0.0,0.0,0,0.0,0.0,0,0.0,0.0,0,0.0,0.0,0,0.0,0.0,0,0.0,0.0,0,0.0,0.0,0,0.0,0.0,0.0,0.0
ASTS,5m,7,2025-06-20 15:50:00,46.02,2025-06-23 15:55:00,50.23,79,6,50.0,0.05163410851656569,6,50.0,-0.34762207504703585,6,66.66666666666666,-0.40843877307670245,6,50.0,-0.13650952839687025,6,50.0,0.08629876200632891,6,50.0,-0.21280317068803792,6,50.0,-0.6926481116727402,6,50.0,-0.4384433426780893,6,66.66666666666666,0.707076015516674,6,66.66666666666666,1.562613053062318,6,50.0,1.4079823582594109,6,50.0,2.1295952575155686,9.558868048706467,-4.388912640626912
ASTS,10m,2,2025-05-30 13:00:00,22.77,2025-06-23 15:50:00,50.23,602,2,100.0,0.4677966317836317,2,100.0,0.28375144137778646,2,50.0,0.7151469757714188,2,50.0,-1.1104279877526224,2,50.0,-1.0413467791255655,2,50.0,-0.37755125433480874,2,50.0,-0.02054382313427139,2,50.0,0.5531072044076932,2,50.0,0.8968257920992264,2,50.0,2.001805839828176,2,100.0,4.953079179399735,2,100.0,8.722101995214196,14.756252241783784,-4.388912640626912
ASTS,15m,1,2025-05-30 13:00:00,22.75,2025-06-23 15:45:00,50.23,401,1,100.0,0.5935296397102843,1,100.0,2.069018260986164,1,100.0,1.428880385135981,1,100.0,1.868539113559651,1,100.0,4.770274981046012,1,100.0,4.5983662295404475,1,100.0,4.792254143860455,1,100.0,6.309076337632477,1,100.0,8.815120188116813,1,100.0,11.022202141043834,1,100.0,24.884588430742284,1,100.0,27.763020180158694,27.763020180158694,0.5935296397102843
ASTS,30m,0,,,2025-06-23 15:30:00,50.23,0,0,0.0,0.0,0,0.0,0.0,0,0.0,0.0,0,0.0,0.0,0,0.0,0.0,0,0.0,0.0,0,0.0,0.0,0,0.0,0.0,0,0.0,0.0,0,0.0,0.0,0,0.0,0.0,0,0.0,0.0,0.0,0.0
ASTS,1h,2,2025-05-22 09:30:00,24.3,2025-06-23 15:30:00,50.23,146,2,100.0,1.5440704974349817,2,100.0,4.649135316359463,2,100.0,4.289715918782742,2,100.0,3.2841674165523576,2,100.0,12.750668625124908,2,100.0,7.571631701353155,2,50.0,4.472883321191261,2,50.0,4.888847986979059,2,100.0,7.441782740508251,2,100.0,15.197008516180306,2,100.0,30.44216773613569,2,100.0,36.50019691854808,52.28395979403145,-4.69135566024955
ASTS,2h,1,2025-04-07 09:30:00,20.43,2025-06-23 15:30:00,50.23,211,1,100.0,4.356335664972864,1,0.0,-0.26921343296234485,1,100.0,19.35878543625908,1,100.0,13.31375072307464,1,100.0,12.359273523312599,1,100.0,10.641212696537195,1,100.0,6.583452243090505,1,100.0,5.310812864734907,1,100.0,18.482618760692077,1,100.0,18.01272760746598,1,100.0,20.48457857772105,1,100.0,30.41507752069702,30.41507752069702,-0.26921343296234485
ASTS,3h,0,,,2025-06-23 15:30:00,50.23,0,0,0.0,0.0,0,0.0,0.0,0,0.0,0.0,0,0.0,0.0,0,0.0,0.0,0,0.0,0.0,0,0.0,0.0,0,0.0,0.0,0,0.0,0.0,0,0.0,0.0,0,0.0,0.0,0,0.0,0.0,0.0,0.0
ASTS,4h,0,,,2025-06-23 13:30:00,50.23,0,0,0.0,0.0,0,0.0,0.0,0,0.0,0.0,0,0.0,0.0,0,0.0,0.0,0,0.0,0.0,0,0.0,0.0,0,0.0,0.0,0,0.0,0.0,0,0.0,0.0,0,0.0,0.0,0,0.0,0.0,0.0,0.0
ASTS,1d,1,2025-01-03 00:00:00,23.97,2025-06-23 00:00:00,50.2,115,1,0.0,-6.0909433721144985,1,0.0,-12.098455158964423,1,0.0,-3.6295325690729574,1,0.0,-15.978306355529318,1,0.0,-3.671252340321614,1,100.0,18.481436929819512,1,100.0,30.037550977016885,1,100.0,41.009596183965805,1,100.0,7.008762425119457,1,0.0,-6.508133127368321,1,0.0,-3.963282781829468,1,0.0,-3.7546918828189257,41.009596183965805,-15.978306355529318
ASTS,1w,0,,,2025-06-29 00:00:00,50.2,0,0,0.0,0.0,0,0.0,0.0,0,0.0,0.0,0,0.0,0.0,0,0.0,0.0,0,0.0,0.0,0,0.0,0.0,0,0.0,0.0,0,0.0,0.0,0,0.0,0.0,0,0.0,0.0,0,0.0,0.0,0.0,0.0
AVGO,5m,11,2025-06-18 15:10:00,251.53,2025-06-23 15:55:00,253.82,165,11,27.27272727272727,-0.2883770970684044,11,63.63636363636363,-0.040772454164246186,11,54.54545454545454,-0.07161097773118917,11,54.54545454545454,0.1437228132544042,11,54.54545454545454,0.04474186539509197,11,54.54545454545454,0.007602623339185286,11,54.54545454545454,-0.10840822860043398,11,54.54545454545454,-0.09637423205434663,11,45.45454545454545,-0.013277929185347698,11,45.45454545454545,0.07090178037816401,11,54.54545454545454,0.3983248078210211,11,45.45454545454545,0.15561279588361163,4.084370850480451,-2.4927461149325993
AVGO,10m,7,2025-06-18 15:10:00,251.4,2025-06-23 15:50:00,253.82,82,6,66.66666666666666,0.12737738753279684,6,66.66666666666666,0.1401863170232891,6,66.66666666666666,0.46148521624507316,6,83.33333333333334,0.34113619379219395,6,83.33333333333334,0.8852094903898822,6,83.33333333333334,0.9077417530628239,6,66.66666666666666,0.841027566499132,6,66.66666666666666,0.7077367454757968,6,50.0,0.6669319738828904,6,16.666666666666664,0.17109852832553238,6,50.0,1.0828731167714447,6,66.66666666666666,1.4386367848253088,5.555555904795665,-1.7402285873332737
AVGO,15m,3,2025-06-17 13:30:00,249.16,2025-06-23 15:45:00,253.82,87,2,50.0,0.16122615155753678,2,50.0,-0.12280208240657514,2,50.0,-0.4618178890632749,2,50.0,0.019318586099286383,2,50.0,0.8478713499577308,2,50.0,1.2285051066880541,2,50.0,0.8099797507356561,2,50.0,1.4249165491529512,2,100.0,2.936485923811607,2,100.0,3.2659619824094532,2,100.0,4.277338121898605,2,100.0,3.1386314502121406,5.785941994734609,-1.8639557442914567
AVGO,30m,0,,,2025-06-23 15:30:00,253.82,0,0,0.0,0.0,0,0.0,0.0,0,0.0,0.0,0,0.0,0.0,0,0.0,0.0,0,0.0,0.0,0,0.0,0.0,0,0.0,0.0,0,0.0,0.0,0,0.0,0.0,0,0.0,0.0,0,0.0,0.0,0.0,0.0
AVGO,1h,1,2025-03-31 11:30:00,165.2,2025-06-23 15:30:00,253.82,403,1,100.0,0.09685451880456437,1,0.0,-0.7486043334038083,1,100.0,0.8565427185602206,1,100.0,4.682203845787581,1,0.0,-4.291765416988445,1,0.0,-6.52542311043401,1,0.0,-10.617429546096275,1,100.0,1.4043628130003039,1,100.0,3.7167067209886953,1,100.0,4.158601999326286,1,100.0,8.226999799659115,1,0.0,-1.6706988848799158,8.226999799659115,-10.617429546096275
AVGO,2h,0,,,2025-06-23 15:30:00,253.82,0,0,0.0,0.0,0,0.0,0.0,0,0.0,0.0,0,0.0,0.0,0,0.0,0.0,0,0.0,0.0,0,0.0,0.0,0,0.0,0.0,0,0.0,0.0,0,0.0,0.0,0,0.0,0.0,0,0.0,0.0,0.0,0.0
AVGO,3h,0,,,2025-06-23 15:30:00,253.82,0,0,0.0,0.0,0,0.0,0.0,0,0.0,0.0,0,0.0,0.0,0,0.0,0.0,0,0.0,0.0,0,0.0,0.0,0,0.0,0.0,0,0.0,0.0,0,0.0,0.0,0,0.0,0.0,0,0.0,0.0,0.0,0.0
AVGO,4h,0,,,2025-06-23 13:30:00,253.82,0,0,0.0,0.0,0,0.0,0.0,0,0.0,0.0,0,0.0,0.0,0,0.0,0.0,0,0.0,0.0,0,0.0,0.0,0,0.0,0.0,0,0.0,0.0,0,0.0,0.0,0,0.0,0.0,0,0.0,0.0,0.0,0.0
AVGO,1d,0,,,2025-06-23 00:00:00,253.77,0,0,0.0,0.0,0,0.0,0.0,0,0.0,0.0,0,0.0,0.0,0,0.0,0.0,0,0.0,0.0,0,0.0,0.0,0,0.0,0.0,0,0.0,0.0,0,0.0,0.0,0,0.0,0.0,0,0.0,0.0,0.0,0.0
AVGO,1w,1,2024-09-22 00:00:00,169.73,2025-06-29 00:00:00,253.77,0,0,0.0,0.0,0,0.0,0.0,0,0.0,0.0,0,0.0,0.0,0,0.0,0.0,0,0.0,0.0,0,0.0,0.0,0,0.0,0.0,0,0.0,0.0,0,0.0,0.0,0,0.0,0.0,0,0.0,0.0,0.0,0.0
BA,5m,25,2025-06-18 15:40:00,197.82,2025-06-23 15:55:00,201.2,159,25,52.0,-0.012229159182824707,25,60.0,0.032898128875181634,25,64.0,0.1274161781683365,25,60.0,0.2141433736291026,25,48.0,0.09206990015927097,25,44.0,0.05547263008060571,25,44.0,0.15587962285956614,25,52.0,0.3923505568686745,25,48.0,0.3587790106028114,25,56.00000000000001,0.48163388225987347,25,68.0,0.16698449935623644,25,60.0,0.30898371467940366,4.770462996192175,-6.958684958263241
BA,10m,13,2025-06-18 15:40:00,197.82,2025-06-23 15:50:00,201.2,79,8,62.5,0.15886123594284673,8,37.5,0.14797766218334474,8,25.0,0.04374440703402421,8,37.5,-0.02491868462800298,8,50.0,-0.04270599263075439,8,50.0,-0.0742130417825568,8,50.0,0.21337994479239183,8,75.0,0.11837445469875607,8,75.0,1.0987622639221195,8,75.0,1.0981974328390982,8,75.0,0.007690926533506559,8,75.0,0.04189791848427937,4.861210780800275,-9.052731625218396
BA,15m,5,2025-06-18 14:30:00,198.58,2025-06-23 15:45:00,201.2,57,2,100.0,0.5336892171614582,2,100.0,0.7104783800896122,2,100.0,0.5524553942487029,2,100.0,0.3581270784219238,2,100.0,1.571071656420716,2,100.0,3.0912821563786697,2,100.0,2.479796515187784,2,100.0,2.0645418106227744,2,100.0,1.4834554602999543,2,100.0,1.5877638872369548,2,100.0,2.2643799271131457,2,50.0,3.3720617896366947,6.914731669015603,-0.17060808974221348
BA,30m,0,,,2025-06-23 15:30:00,201.2,0,0,0.0,0.0,0,0.0,0.0,0,0.0,0.0,0,0.0,0.0,0,0.0,0.0,0,0.0,0.0,0,0.0,0.0,0,0.0,0.0,0,0.0,0.0,0,0.0,0.0,0,0.0,0.0,0,0.0,0.0,0.0,0.0
BA,1h,0,,,2025-06-23 15:30:00,201.2,0,0,0.0,0.0,0,0.0,0.0,0,0.0,0.0,0,0.0,0.0,0,0.0,0.0,0,0.0,0.0,0,0.0,0.0,0,0.0,0.0,0,0.0,0.0,0,0.0,0.0,0,0.0,0.0,0,0.0,0.0,0.0,0.0
BA,2h,0,,,2025-06-23 15:30:00,201.2,0,0,0.0,0.0,0,0.0,0.0,0,0.0,0.0,0,0.0,0.0,0,0.0,0.0,0,0.0,0.0,0,0.0,0.0,0,0.0,0.0,0,0.0,0.0,0,0.0,0.0,0,0.0,0.0,0,0.0,0.0,0.0,0.0
BA,3h,0,,,2025-06-23 15:30:00,201.2,0,0,0.0,0.0,0,0.0,0.0,0,0.0,0.0,0,0.0,0.0,0,0.0,0.0,0,0.0,0.0,0,0.0,0.0,0,0.0,0.0,0,0.0,0.0,0,0.0,0.0,0,0.0,0.0,0,0.0,0.0,0.0,0.0
BA,4h,0,,,2025-06-23 13:30:00,201.2,0,0,0.0,0.0,0,0.0,0.0,0,0.0,0.0,0,0.0,0.0,0,0.0,0.0,0,0.0,0.0,0,0.0,0.0,0,0.0,0.0,0,0.0,0.0,0,0.0,0.0,0,0.0,0.0,0,0.0,0.0,0.0,0.0
BA,1d,3,2024-11-18 00:00:00,143.87,2025-06-23 00:00:00,201.31,146,3,0.0,-3.9865221445214356,3,33.33333333333333,-2.0617103790634856,3,33.33333333333333,0.3762759718231206,3,66.66666666666666,3.2464904218892094,3,66.66666666666666,4.626691897043202,3,66.66666666666666,11.413011594834408,3,66.66666666666666,10.653075580294123,3,66.66666666666666,8.304967865226686,3,66.66666666666666,8.807178441865362,3,66.66666666666666,14.263235145473223,3,66.66666666666666,5.3198041701029695,3,66.66666666666666,4.393343109868704,28.567461943706977,-11.894083739129742
BA,1w,1,2025-04-27 00:00:00,177.95,2025-06-29 00:00:00,201.31,0,0,0.0,0.0,0,0.0,0.0,0,0.0,0.0,0,0.0,0.0,0,0.0,0.0,0,0.0,0.0,0,0.0,0.0,0,0.0,0.0,0,0.0,0.0,0,0.0,0.0,0,0.0,0.0,0,0.0,0.0,0.0,0.0
BABA,5m,16,2025-06-23 13:00:00,111.78,2025-06-23 15:55:00,113.09,35,13,61.53846153846154,-0.000621440028857081,13,69.23076923076923,0.006201568316513959,13,69.23076923076923,0.10264233813370317,13,53.84615384615385,0.19732068263058317,13,46.15384615384615,0.26465293393812417,13,53.84615384615385,0.40917593564396054,13,53.84615384615385,0.2921163861887672,13,46.15384615384615,0.13305107007776093,13,46.15384615384615,-0.17012723335595473,13,46.15384615384615,-0.07749560559639788,13,53.84615384615385,0.22233063548688042,13,46.15384615384615,-0.12088379287757373,3.8762383097744357,-5.202794341845194
BABA,10m,14,2025-06-23 10:50:00,112.29,2025-06-23 15:50:00,113.09,30,7,28.57142857142857,-0.057471535379225495,7,14.285714285714285,-0.4744225042483399,7,14.285714285714285,-0.4291989303321121,7,14.285714285714285,-0.8817118519383053,7,14.285714285714285,-1.3888028854420076,7,14.285714285714285,-1.8947446396526495,7,28.57142857142857,-1.4952505003595822,7,28.57142857142857,-1.4357064812184868,7,28.57142857142857,-1.5233712382439883,7,28.57142857142857,-1.432451303119443,7,28.57142857142857,-1.4400771907596084,7,28.57142857142857,-1.2618570423158533,3.5644463433159723,-6.576979147461716
BABA,15m,7,2025-06-20 15:45:00,112.83,2025-06-23 15:45:00,113.09,26,2,0.0,-1.4536027269719918,2,0.0,-1.4001338610872838,2,0.0,-1.7034746252466901,2,0.0,-2.069511170823806,2,50.0,-0.5770936845799636,2,50.0,-0.2158756536729889,2,50.0,-0.2340240294352678,2,50.0,0.08883819900152856,2,50.0,0.038377062566941955,2,50.0,-0.08587675794127703,2,0.0,-0.9653264471267231,2,50.0,0.8053130066633071,2.19606472278838,-3.0190346945116775
BABA,30m,2,2025-06-23 13:00:00,112.14,2025-06-23 15:30:00,113.09,0,0,0.0,0.0,0,0.0,0.0,0,0.0,0.0,0,0.0,0.0,0,0.0,0.0,0,0.0,0.0,0,0.0,0.0,0,0.0,0.0,0,0.0,0.0,0,0.0,0.0,0,0.0,0.0,0,0.0,0.0,0.0,0.0
BABA,1h,4,2025-06-23 13:30:00,112.62,2025-06-23 15:30:00,113.09,2,3,0.0,-0.7463362114904325,3,0.0,-1.395513943231539,3,0.0,-2.189214558252639,3,0.0,-2.651074392035984,3,0.0,-3.583175444014414,3,0.0,-3.975348645966625,3,33.33333333333333,-2.793822841040361,3,33.33333333333333,-1.1496598524797699,3,33.33333333333333,0.6392875066444087,3,66.66666666666666,1.1625365056898176,3,33.33333333333333,-1.7234274359183133,3,0.0,-4.552420880387741,3.5542529110104635,-6.9453635576926835
BABA,2h,5,2025-06-23 13:30:00,112.88,2025-06-23 15:30:00,113.09,1,3,0.0,-0.8103305082168047,3,33.33333333333333,-1.4478746142472332,3,0.0,-6.462718071878352,3,0.0,-15.73514375361585,3,0.0,-22.89778916480792,3,0.0,-23.264853516701475,3,0.0,-21.234161298184294,3,0.0,-14.5470310886595,3,0.0,-18.276802239038773,3,0.0,-11.2555059275246,3,0.0,-10.57091602372446,3,0.0,-5.873259530165743,0.1546541755361153,-25.456747048894364
BABA,3h,4,2025-06-23 12:30:00,112.88,2025-06-23 15:30:00,113.09,1,2,0.0,-1.8812678940996452,2,0.0,-2.6175901472334298,2,0.0,-17.684298280489582,2,0.0,-24.11392709959803,2,0.0,-20.370249870939936,2,0.0,-16.645404198592374,2,0.0,-15.285669559614375,2,0.0,-14.869600073987373,2,0.0,-9.992097401562923,2,0.0,-10.46666224677615,2,0.0,-5.238969656357792,2,0.0,-6.962095525282448,-1.4726944113406308,-25.188306866259975
BABA,4h,2,2025-06-23 13:30:00,113.09,2025-06-23 13:30:00,113.09,0,0,0.0,0.0,0,0.0,0.0,0,0.0,0.0,0,0.0,0.0,0,0.0,0.0,0,0.0,0.0,0,0.0,0.0,0,0.0,0.0,0,0.0,0.0,0,0.0,0.0,0,0.0,0.0,0,0.0,0.0,0.0,0.0
BABA,1d,2,2025-01-15 00:00:00,82.44,2025-06-23 00:00:00,113.09,108,2,50.0,0.9704367207719446,2,50.0,1.8865385300100432,2,50.0,9.394536255634712,2,50.0,10.64677713257909,2,100.0,25.114635988393378,2,100.0,44.837799697500884,2,100.0,45.45172752636016,2,100.0,63.92748419340145,2,100.0,61.598251688881035,2,100.0,42.95185485572886,2,100.0,49.94863182318295,2,100.0,46.17837517396433,74.36923307003718,-5.834890153932318
BABA,1w,0,,,2025-06-29 00:00:00,113.09,0,0,0.0,0.0,0,0.0,0.0,0,0.0,0.0,0,0.0,0.0,0,0.0,0.0,0,0.0,0.0,0,0.0,0.0,0,0.0,0.0,0,0.0,0.0,0,0.0,0.0,0,0.0,0.0,0,0.0,0.0,0.0,0.0
BILI,5m,10,2025-06-23 09:40:00,19.79,2025-06-23 15:55:00,19.91,75,9,44.44444444444444,-0.3991921027669832,9,33.33333333333333,-0.40608603003683247,9,22.22222222222222,-0.4560324480727499,9,44.44444444444444,0.15300240198394688,9,33.33333333333333,0.04521283383194189,9,44.44444444444444,0.2394057885902593,9,44.44444444444444,0.3292064367910263,9,66.66666666666666,0.1645012446250277,9,33.33333333333333,0.09461322605522336,9,33.33333333333333,0.3533545423081667,9,55.55555555555556,0.27252498267928466,9,44.44444444444444,0.03938738510692821,6.389374208995134,-5.610905673557126
BILI,10m,6,2025-06-23 09:40:00,19.82,2025-06-23 15:50:00,19.91,37,3,33.33333333333333,0.03487404429197312,3,66.66666666666666,-1.2637936307362343,3,0.0,-1.2608517587767551,3,66.66666666666666,-1.172461057883609,3,66.66666666666666,-1.2252612153403282,3,33.33333333333333,-1.6792990368165661,3,33.33333333333333,-1.1055817699587742,3,33.33333333333333,-1.8715288942716384,3,33.33333333333333,-2.3217746868191322,3,33.33333333333333,-2.3290067682162223,3,33.33333333333333,-1.3169416427501932,3,33.33333333333333,-2.157292198455798,3.514650459859913,-5.822190292461116
BILI,15m,3,2025-06-20 11:45:00,19.79,2025-06-23 15:45:00,19.91,42,2,0.0,-2.049668984239442,2,50.0,-1.95223065128772,2,50.0,-1.9088539588604234,2,50.0,-2.516893163889855,2,50.0,-1.6530586925685564,2,50.0,-0.8428820201671599,2,50.0,-1.545028560817195,2,50.0,-1.1440717422821716,2,50.0,-0.06134697317574278,2,50.0,-1.554411202726253,2,50.0,-1.5124512057481028,2,50.0,1.5432613928330174,7.099117989272119,-6.031993633967752
BILI,30m,1,2025-06-03 12:30:00,17.97,2025-06-23 15:30:00,19.91,175,1,100.0,0.16699519282323058,1,100.0,0.11133012854882038,1,100.0,2.7275244472935825,1,100.0,2.0038998457770885,1,100.0,2.8967385984294873,1,100.0,3.2841644730122646,1,100.0,2.671859383019172,1,100.0,2.922346863741308,1,100.0,7.373778962449068,1,100.0,7.653771156811979,1,100.0,17.64542192802209,1,100.0,11.438910591268515,17.64542192802209,0.11133012854882038
BILI,1h,1,2025-06-03 14:30:00,17.99,2025-06-23 15:30:00,19.91,0,0,0.0,0.0,0,0.0,0.0,0,0.0,0.0,0,0.0,0.0,0,0.0,0.0,0,0.0,0.0,0,0.0,0.0,0,0.0,0.0,0,0.0,0.0,0,0.0,0.0,0,0.0,0.0,0,0.0,0.0,0.0,0.0
BILI,2h,0,,,2025-06-23 15:30:00,19.91,0,0,0.0,0.0,0,0.0,0.0,0,0.0,0.0,0,0.0,0.0,0,0.0,0.0,0,0.0,0.0,0,0.0,0.0,0,0.0,0.0,0,0.0,0.0,0,0.0,0.0,0,0.0,0.0,0,0.0,0.0,0.0,0.0
BILI,3h,0,,,2025-06-23 15:30:00,19.91,0,0,0.0,0.0,0,0.0,0.0,0,0.0,0.0,0,0.0,0.0,0,0.0,0.0,0,0.0,0.0,0,0.0,0.0,0,0.0,0.0,0,0.0,0.0,0,0.0,0.0,0,0.0,0.0,0,0.0,0.0,0.0,0.0
BILI,4h,0,,,2025-06-23 13:30:00,19.91,0,0,0.0,0.0,0,0.0,0.0,0,0.0,0.0,0,0.0,0.0,0,0.0,0.0,0,0.0,0.0,0,0.0,0.0,0,0.0,0.0,0,0.0,0.0,0,0.0,0.0,0,0.0,0.0,0,0.0,0.0,0.0,0.0
BILI,1d,0,,,2025-06-23 00:00:00,19.91,0,0,0.0,0.0,0,0.0,0.0,0,0.0,0.0,0,0.0,0.0,0,0.0,0.0,0,0.0,0.0,0,0.0,0.0,0,0.0,0.0,0,0.0,0.0,0,0.0,0.0,0,0.0,0.0,0,0.0,0.0,0.0,0.0
BILI,1w,0,,,2025-06-29 00:00:00,19.91,0,0,0.0,0.0,0,0.0,0.0,0,0.0,0.0,0,0.0,0.0,0,0.0,0.0,0,0.0,0.0,0,0.0,0.0,0,0.0,0.0,0,0.0,0.0,0,0.0,0.0,0,0.0,0.0,0,0.0,0.0,0.0,0.0
CAT,5m,15,2025-06-20 15:35:00,359.47,2025-06-23 15:55:00,366.25,82,14,42.857142857142854,-0.042014887601641085,14,42.857142857142854,-0.04639491013576165,14,64.28571428571429,0.08644988229762988,14,71.42857142857143,0.2683900479492333,14,64.28571428571429,0.28331334117097784,14,57.14285714285714,0.2773816119739488,14,64.28571428571429,0.28013024371126266,14,50.0,0.19085503016746472,14,35.714285714285715,0.05274450500603782,14,50.0,0.1453581365966967,14,92.85714285714286,0.8674089660777612,14,100.0,0.9128134007656197,2.3003852507522207,-1.1978320323758307
CAT,10m,3,2025-06-13 15:30:00,356.63,2025-06-23 15:50:00,366.25,197,3,66.66666666666666,0.2487316437975329,3,66.66666666666666,0.4752730529800168,3,66.66666666666666,0.5902885124725371,3,66.66666666666666,0.46401175758927127,3,66.66666666666666,0.6581970716943445,3,66.66666666666666,0.5632547018008075,3,66.66666666666666,0.7061893719084961,3,66.66666666666666,0.4311941593565125,3,100.0,0.5150931600285421,3,33.33333333333333,0.2041948752837918,3,33.33333333333333,-1.756247270315761,3,33.33333333333333,-1.1261905628411661,2.0441377464348096,-3.131649139833309
CAT,15m,1,2025-05-29 12:15:00,350.87,2025-06-23 15:45:00,366.25,430,1,100.0,0.3206315774092509,1,100.0,0.3277549840362631,1,100.0,0.22942761905656522,1,100.0,0.048454820902423416,1,100.0,0.33630481152631553,1,100.0,0.5586090239558686,1,100.0,0.11400059909676247,1,0.0,-1.0060702905410552,1,0.0,-3.041007512367243,1,0.0,-1.9480125260626227,1,0.0,-0.18098149584233109,1,100.0,0.11970628254892363,0.5586090239558686,-3.041007512367243
CAT,30m,0,,,2025-06-23 15:30:00,366.25,0,0,0.0,0.0,0,0.0,0.0,0,0.0,0.0,0,0.0,0.0,0,0.0,0.0,0,0.0,0.0,0,0.0,0.0,0,0.0,0.0,0,0.0,0.0,0,0.0,0.0,0,0.0,0.0,0,0.0,0.0,0.0,0.0
CAT,1h,1,2025-05-23 12:30:00,344.16,2025-06-23 15:30:00,366.25,136,1,0.0,-0.21211383616930624,1,100.0,2.0717122288889276,1,100.0,2.1646854980764685,1,100.0,1.9496720663874363,1,100.0,1.9496720663874363,1,100.0,2.3477413081964116,1,100.0,2.4232904024718387,1,100.0,1.696884087560691,1,100.0,1.6649264659916019,1,100.0,3.0770560858918716,1,100.0,4.2233273789651635,1,100.0,3.5114456434464043,4.2233273789651635,-0.21211383616930624
CAT,2h,0,,,2025-06-23 15:30:00,366.25,0,0,0.0,0.0,0,0.0,0.0,0,0.0,0.0,0,0.0,0.0,0,0.0,0.0,0,0.0,0.0,0,0.0,0.0,0,0.0,0.0,0,0.0,0.0,0,0.0,0.0,0,0.0,0.0,0,0.0,0.0,0.0,0.0
CAT,3h,0,,,2025-06-23 15:30:00,366.25,0,0,0.0,0.0,0,0.0,0.0,0,0.0,0.0,0,0.0,0.0,0,0.0,0.0,0,0.0,0.0,0,0.0,0.0,0,0.0,0.0,0,0.0,0.0,0,0.0,0.0,0,0.0,0.0,0,0.0,0.0,0.0,0.0
CAT,4h,0,,,2025-06-23 13:30:00,366.25,0,0,0.0,0.0,0,0.0,0.0,0,0.0,0.0,0,0.0,0.0,0,0.0,0.0,0,0.0,0.0,0,0.0,0.0,0,0.0,0.0,0,0.0,0.0,0,0.0,0.0,0,0.0,0.0,0,0.0,0.0,0.0,0.0
CAT,1d,1,2024-07-10 00:00:00,323.23,2025-06-23 00:00:00,366.23,238,1,100.0,5.263631955333594,1,100.0,8.925964237266117,1,100.0,2.718148673512857,1,100.0,5.823774800822993,1,0.0,-0.41194971403710723,1,100.0,3.191930498780919,1,100.0,4.8364531688555745,1,100.0,1.9600656521253101,1,100.0,14.110552302658414,1,100.0,19.54540510654497,1,100.0,15.407100580989585,1,100.0,24.58260256445117,24.58260256445117,-0.41194971403710723
CAT,1w,0,,,2025-06-29 00:00:00,366.23,0,0,0.0,0.0,0,0.0,0.0,0,0.0,0.0,0,0.0,0.0,0,0.0,0.0,0,0.0,0.0,0,0.0,0.0,0,0.0,0.0,0,0.0,0.0,0,0.0,0.0,0,0.0,0.0,0,0.0,0.0,0.0,0.0
CLSK,5m,12,2025-06-17 14:40:00,8.78,2025-06-23 15:55:00,8.86,249,12,50.0,-0.12531899735692384,12,41.66666666666667,-0.1528987538040636,12,25.0,-0.4556108574780984,12,25.0,-0.2031147039487199,12,50.0,-0.28070137042046434,12,58.333333333333336,0.0705617571409264,12,58.333333333333336,0.1698117331912072,12,50.0,0.4248584548493716,12,58.333333333333336,0.6500167906594212,12,66.66666666666666,0.6913696648361416,12,75.0,1.9066601581846154,12,75.0,1.8905000711037534,5.351949084999729,-6.534487370782569
CLSK,10m,10,2025-06-23 10:00:00,8.93,2025-06-23 15:50:00,8.86,35,9,55.55555555555556,0.01143127797912412,9,44.44444444444444,-0.3125267419987088,9,44.44444444444444,-0.7392543898934175,9,44.44444444444444,-0.6682364981148141,9,44.44444444444444,-0.7488299395199672,9,33.33333333333333,-1.3572531465301045,9,33.33333333333333,-0.7148061492123323,9,33.33333333333333,-1.0472390918930887,9,22.22222222222222,-1.4998609689771025,9,22.22222222222222,-1.480807708784483,9,22.22222222222222,-2.641468761593538,9,22.22222222222222,-1.6935410198832952,11.302377798119831,-8.019805831916512
CLSK,15m,3,2025-06-23 13:15:00,8.65,2025-06-23 15:45:00,8.86,10,2,50.0,-0.07122309819420297,2,50.0,-0.5589375106920063,2,50.0,-0.8989752948000072,2,50.0,-2.2298487248993295,2,50.0,-0.012479041346335595,2,50.0,0.469326480558522,2,50.0,0.5728073994616347,2,50.0,1.7633239324398913,2,50.0,2.0581444075402935,2,50.0,2.6280974251791127,2,100.0,5.563694472817032,2,100.0,9.563321874162998,15.102042041968566,-4.751249318727883
CLSK,30m,1,2025-06-23 13:30:00,8.65,2025-06-23 15:30:00,8.86,0,0,0.0,0.0,0,0.0,0.0,0,0.0,0.0,0,0.0,0.0,0,0.0,0.0,0,0.0,0.0,0,0.0,0.0,0,0.0,0.0,0,0.0,0.0,0,0.0,0.0,0,0.0,0.0,0,0.0,0.0,0.0,0.0
CLSK,1h,3,2025-06-23 13:30:00,8.8,2025-06-23 15:30:00,8.86,2,2,100.0,7.892635051339163,2,100.0,5.002951740046996,2,100.0,4.546337656036096,2,100.0,12.158509349787092,2,100.0,13.800913638818482,2,100.0,13.563590129764503,2,100.0,11.984651738702603,2,100.0,9.267493789684258,2,100.0,13.269029178216222,2,100.0,24.136502832480364,2,100.0,21.09025341776256,2,100.0,12.950176613952545,27.215188557571647,0.0984524521937225
CLSK,2h,1,2025-04-09 11:30:00,7.11,2025-06-23 15:30:00,8.86,202,1,100.0,0.49226226096861253,1,0.0,-0.5625873572699323,1,100.0,5.133611311730711,1,100.0,4.219405179524492,1,100.0,5.106892335604021,1,100.0,4.149086789793485,1,100.0,4.922642729397063,1,100.0,24.68353874328664,1,100.0,20.32349007772982,1,100.0,23.417713836144134,1,100.0,24.261601578619345,1,100.0,32.13783799353902,32.13783799353902,-0.5625873572699323
CLSK,3h,1,2025-04-09 12:30:00,7.77,2025-06-23 15:30:00,8.86,151,1,0.0,-9.009006576363813,1,0.0,-6.75675800072305,1,0.0,-0.12869693782786007,1,0.0,-8.10939221304667,1,0.0,-0.4504484877480773,1,100.0,12.998709839433525,1,100.0,13.254827239810613,1,100.0,8.751606563807716,1,100.0,4.697557900274265,1,100.0,12.373224679103014,1,100.0,26.46331474486665,1,100.0,17.35649825027765,26.46331474486665,-9.009006576363813
CLSK,4h,0,,,2025-06-23 13:30:00,8.86,0,0,0.0,0.0,0,0.0,0.0,0,0.0,0.0,0,0.0,0.0,0,0.0,0.0,0,0.0,0.0,0,0.0,0.0,0,0.0,0.0,0,0.0,0.0,0,0.0,0.0,0,0.0,0.0,0,0.0,0.0,0.0,0.0
CLSK,1d,4,2025-04-02 00:00:00,8.02,2025-06-23 00:00:00,8.85,55,1,100.0,0.320852745959736,1,0.0,-2.139045505664621,1,100.0,2.9946494283156193,1,0.0,-7.914445931564335,1,0.0,-3.7433194351881944,1,100.0,20.106942075558337,1,100.0,30.80212880498187,1,100.0,12.941176350591471,1,100.0,51.01603539549331,1,100.0,57.005344451849446,1,100.0,15.508018717719146,1,100.0,15.935825778907093,57.005344451849446,-7.914445931564335
CLSK,1w,1,2025-04-27 00:00:00,9.01,2025-06-29 00:00:00,8.85,0,0,0.0,0.0,0,0.0,0.0,0,0.0,0.0,0,0.0,0.0,0,0.0,0.0,0,0.0,0.0,0,0.0,0.0,0,0.0,0.0,0,0.0,0.0,0,0.0,0.0,0,0.0,0.0,0,0.0,0.0,0.0,0.0
COIN,5m,18,2025-06-17 12:35:00,254.46,2025-06-23 15:55:00,307.48,274,18,27.77777777777778,-0.13479008917169844,18,33.33333333333333,-0.06552721140647072,18,50.0,-0.18426602058284233,18,50.0,-0.28538131147998236,18,50.0,-0.28344359864699104,18,38.88888888888889,-0.4949220919010211,18,27.77777777777778,-0.589247798594306,18,33.33333333333333,-0.3740885736133446,18,22.22222222222222,-0.7803212095127523,18,27.77777777777778,-0.6885507364616072,18,38.88888888888889,1.0093972033885497,18,33.33333333333333,2.5198716887711115,15.725154824557352,-4.7509825463388475
COIN,10m,14,2025-06-13 11:00:00,236.94,2025-06-23 15:50:00,307.48,224,14,50.0,-0.16077133482688097,14,42.857142857142854,-0.3657866302393763,14,35.714285714285715,-0.4928327030636202,14,42.857142857142854,-0.5493905837148839,14,35.714285714285715,-0.8400281345626402,14,7.142857142857142,-0.8764295845815845,14,28.57142857142857,-0.6705644852236788,14,28.57142857142857,0.11519908240847197,14,35.714285714285715,0.2528216296295551,14,42.857142857142854,1.187802189024081,14,42.857142857142854,1.1954957981650458,14,64.28571428571429,1.6339719637648524,10.122809616115301,-8.316628971900082
COIN,15m,6,2025-06-12 14:45:00,241.42,2025-06-23 15:45:00,307.48,160,6,50.0,-0.2498841564735005,6,33.33333333333333,-0.40439796904106906,6,50.0,-0.7118636025671797,6,33.33333333333333,-1.0194054833084,6,16.666666666666664,-0.7669561296636876,6,33.33333333333333,0.7715916779266402,6,50.0,0.8161889595423139,6,50.0,1.6347829771798754,6,50.0,1.8249155701649225,6,66.66666666666666,2.367041747947338,6,100.0,4.30292802326393,6,100.0,5.527963773526417,20.20809387091233,-3.291423393552855
COIN,30m,1,2025-06-06 09:30:00,251.84,2025-06-23 15:30:00,307.48,142,1,100.0,0.022114687618222696,1,100.0,0.5700742350681023,1,100.0,1.1140591975652274,1,100.0,0.5680869425917251,1,100.0,0.8380981901824359,1,100.0,1.8923144371709,1,100.0,1.2848027624334832,1,100.0,1.5562014794665429,1,0.0,-0.7680521892086626,1,0.0,-3.334519246079399,1,100.0,0.8464351244735796,1,0.0,-1.0757856409393882,1.8923144371709,-3.334519246079399
COIN,1h,3,2025-06-06 09:30:00,251.55,2025-06-23 15:30:00,307.48,76,2,0.0,-3.35824676333288,2,50.0,-0.15418677007952708,2,0.0,-2.3968594829332255,2,50.0,4.202892688674026,2,100.0,6.741870485188029,2,50.0,2.3605118962431657,2,100.0,7.539157533285194,2,100.0,8.773313231773425,2,100.0,8.32776931212929,2,100.0,9.871811833466573,2,100.0,20.50569795181243,2,100.0,28.15791003372908,28.601697687036086,-6.377982702903445
COIN,2h,5,2025-06-13 15:30:00,242.73,2025-06-23 15:30:00,307.48,20,2,50.0,5.012918085405438,2,50.0,2.050716190248316,2,100.0,8.916778571700284,2,100.0,13.039636064922046,2,100.0,12.229614948048441,2,100.0,11.826541446079432,2,100.0,11.700330143816359,2,100.0,25.045381364067623,2,100.0,32.46635471647668,2,100.0,32.32306383940835,2,100.0,29.255151102102964,2,100.0,61.65337629951742,63.364680510966664,-3.8534896160958008
COIN,3h,2,2025-06-09 09:30:00,255.6,2025-06-23 15:30:00,307.48,0,0,0.0,0.0,0,0.0,0.0,0,0.0,0.0,0,0.0,0.0,0,0.0,0.0,0,0.0,0.0,0,0.0,0.0,0,0.0,0.0,0,0.0,0.0,0,0.0,0.0,0,0.0,0.0,0,0.0,0.0,0.0,0.0
COIN,4h,0,,,2025-06-23 13:30:00,307.48,0,0,0.0,0.0,0,0.0,0.0,0,0.0,0.0,0,0.0,0.0,0,0.0,0.0,0,0.0,0.0,0,0.0,0.0,0,0.0,0.0,0,0.0,0.0,0,0.0,0.0,0,0.0,0.0,0,0.0,0.0,0.0,0.0
COIN,1d,1,2025-04-09 00:00:00,177.09,2025-06-23 00:00:00,307.59,0,0,0.0,0.0,0,0.0,0.0,0,0.0,0.0,0,0.0,0.0,0,0.0,0.0,0,0.0,0.0,0,0.0,0.0,0,0.0,0.0,0,0.0,0.0,0,0.0,0.0,0,0.0,0.0,0,0.0,0.0,0.0,0.0
COIN,1w,0,,,2025-06-29 00:00:00,307.59,0,0,0.0,0.0,0,0.0,0.0,0,0.0,0.0,0,0.0,0.0,0,0.0,0.0,0,0.0,0.0,0,0.0,0.0,0,0.0,0.0,0,0.0,0.0,0,0.0,0.0,0,0.0,0.0,0,0.0,0.0,0.0,0.0
COST,5m,16,2025-06-20 13:55:00,977.64,2025-06-23 15:55:00,1004.78,102,16,37.5,-0.06289763101070842,16,37.5,-0.07684463885217396,16,37.5,-0.059909568953104286,16,31.25,-0.042509802838276115,16,37.5,-0.1254770133120236,16,43.75,-0.054900615344494544,16,56.25,0.042352765540848714,16,50.0,0.11124119019147644,16,62.5,0.25370029035729363,16,50.0,0.2034314518431997,16,43.75,0.27540883706263386,16,31.25,0.04811082112979159,4.115684835060824,-1.238951764383522
COST,10m,15,2025-06-20 09:30:00,987.3,2025-06-23 15:50:00,1004.78,77,14,57.14285714285714,-0.017509363447292224,14,57.14285714285714,-0.0014649244347990245,14,64.28571428571429,0.04525559009800219,14,64.28571428571429,0.04285277427664157,14,57.14285714285714,-0.14042115099489066,14,42.857142857142854,-0.13993089404061443,14,57.14285714285714,-0.0257225164759538,14,42.857142857142854,-0.11296199780867291,14,35.714285714285715,-0.3657817016028502,14,21.428571428571427,-0.4461153996423222,14,14.285714285714285,-0.3283194661213029,14,21.428571428571427,-0.3441436433544306,2.196332858079866,-1.6600022904612461
COST,15m,9,2025-06-20 15:45:00,980.28,2025-06-23 15:45:00,1004.78,26,4,100.0,0.18826934139896184,4,100.0,0.27656380179291074,4,50.0,0.1194282859222642,4,75.0,0.09656783359480155,4,25.0,0.01410889378568303,4,50.0,-0.0006896258100408392,4,0.0,-0.24718903778110338,4,25.0,-0.3868243724688713,4,0.0,-0.5394143755041263,4,0.0,-0.47540530017607646,4,0.0,-1.1933859135713059,4,0.0,-1.3008066051719172,0.6479265096161807,-1.9025586124620848
COST,30m,4,2025-06-18 10:30:00,978.73,2025-06-23 15:30:00,1004.78,36,1,100.0,0.13956699306935308,1,100.0,0.06828670168355348,1,0.0,-0.22380125290247382,1,0.0,-0.10168469736572625,1,0.0,-0.602119193789786,1,0.0,-0.15252096151667424,1,0.0,-0.09271001279090299,1,0.0,-0.9794453559749313,1,0.0,-0.9492356550162889,1,0.0,-2.493222135673136,1,0.0,-2.5311044313767628,1,0.0,-0.6898581440060242,0.13956699306935308,-2.5311044313767628
COST,1h,4,2025-06-18 10:30:00,981.0,2025-06-23 15:30:00,1004.78,19,1,100.0,0.3818201780009418,1,100.0,1.1680650596569049,1,100.0,1.0164043264333302,1,100.0,0.6711769140908126,1,100.0,1.677472092285709,1,100.0,1.5946593604952826,1,0.0,-2.228273735986193,1,0.0,-2.394704404979061,1,0.0,-3.598562902294142,1,0.0,-4.054397326671013,1,0.0,-4.64143909132393,1,0.0,-5.848988603228392,1.677472092285709,-5.848988603228392
COST,2h,1,2025-06-16 09:30:00,993.6,2025-06-23 15:30:00,1004.78,0,0,0.0,0.0,0,0.0,0.0,0,0.0,0.0,0,0.0,0.0,0,0.0,0.0,0,0.0,0.0,0,0.0,0.0,0,0.0,0.0,0,0.0,0.0,0,0.0,0.0,0,0.0,0.0,0,0.0,0.0,0.0,0.0
COST,3h,0,,,2025-06-23 15:30:00,1004.78,0,0,0.0,0.0,0,0.0,0.0,0,0.0,0.0,0,0.0,0.0,0,0.0,0.0,0,0.0,0.0,0,0.0,0.0,0,0.0,0.0,0,0.0,0.0,0,0.0,0.0,0,0.0,0.0,0,0.0,0.0,0.0,0.0
COST,4h,0,,,2025-06-23 13:30:00,1004.78,0,0,0.0,0.0,0,0.0,0.0,0,0.0,0.0,0,0.0,0.0,0,0.0,0.0,0,0.0,0.0,0,0.0,0.0,0,0.0,0.0,0,0.0,0.0,0,0.0,0.0,0,0.0,0.0,0,0.0,0.0,0.0,0.0
COST,1d,0,,,2025-06-23 00:00:00,1004.48,0,0,0.0,0.0,0,0.0,0.0,0,0.0,0.0,0,0.0,0.0,0,0.0,0.0,0,0.0,0.0,0,0.0,0.0,0,0.0,0.0,0,0.0,0.0,0,0.0,0.0,0,0.0,0.0,0,0.0,0.0,0.0,0.0
COST,1w,0,,,2025-06-29 00:00:00,1004.48,0,0,0.0,0.0,0,0.0,0.0,0,0.0,0.0,0,0.0,0.0,0,0.0,0.0,0,0.0,0.0,0,0.0,0.0,0,0.0,0.0,0,0.0,0.0,0,0.0,0.0,0,0.0,0.0,0,0.0,0.0,0.0,0.0
CRM,5m,10,2025-06-17 14:10:00,263.23,2025-06-23 15:55:00,263.39,255,10,50.0,0.050408173238460106,10,70.0,0.11412120801908984,10,50.0,0.11757182113317795,10,60.0,0.2668184144556832,10,60.0,0.28290953854696205,10,70.0,0.23706111226803056,10,40.0,-0.10514331849147888,10,50.0,0.014831847703733997,10,60.0,0.0017730143537437848,10,30.0,-0.13179550755429106,10,20.0,-0.35882524242193115,10,30.0,-0.22072123305011707,3.183281383315484,-1.6092121744645131
CRM,10m,5,2025-06-13 15:50:00,258.43,2025-06-23 15:50:00,263.39,195,5,40.0,0.3016317367119327,5,60.0,0.4730722624721233,5,100.0,1.1109032447080538,5,100.0,0.902823723872005,5,100.0,0.7986840839172232,5,100.0,0.8715791288056852,5,100.0,0.9183392151610464,5,60.0,0.6433088679459523,5,40.0,0.4966766899794649,5,40.0,-0.15816315603625258,5,40.0,-0.5710927943876525,5,40.0,-0.5955887305690755,3.7480907739648366,-2.9454959086130605
CRM,15m,3,2025-06-18 14:00:00,259.75,2025-06-23 15:45:00,263.39,59,2,100.0,0.2906368755040982,2,50.0,0.06262377086573107,2,50.0,-0.048204944983096285,2,0.0,-0.0757015079321092,2,50.0,-0.07039411517716151,2,50.0,-0.5888791606230793,2,50.0,-0.5896675183201378,2,50.0,-0.9217367386091699,2,50.0,-0.7913594691522773,2,50.0,-0.6695098418301204,2,100.0,1.1198930196805994,2,50.0,0.6643741547149962,3.002191068283538,-2.2843547645120195
CRM,30m,2,2025-06-18 15:30:00,259.55,2025-06-23 15:30:00,263.39,0,0,0.0,0.0,0,0.0,0.0,0,0.0,0.0,0,0.0,0.0,0,0.0,0.0,0,0.0,0.0,0,0.0,0.0,0,0.0,0.0,0,0.0,0.0,0,0.0,0.0,0,0.0,0.0,0,0.0,0.0,0.0,0.0
CRM,1h,1,2025-06-20 09:30:00,260.73,2025-06-23 15:30:00,263.39,0,0,0.0,0.0,0,0.0,0.0,0,0.0,0.0,0,0.0,0.0,0,0.0,0.0,0,0.0,0.0,0,0.0,0.0,0,0.0,0.0,0,0.0,0.0,0,0.0,0.0,0,0.0,0.0,0,0.0,0.0,0.0,0.0
CRM,2h,4,2025-06-20 13:30:00,260.3,2025-06-23 15:30:00,263.39,5,1,100.0,1.370323043485611,1,100.0,5.056436992303174,1,100.0,9.86504973962375,1,100.0,11.599819454501938,1,100.0,11.274941787296202,1,100.0,11.045853395886171,1,100.0,13.0305319418975,1,100.0,14.232168748774193,1,100.0,17.408061170909498,1,100.0,21.773082883018237,1,100.0,19.553087608927573,1,100.0,14.54455160996783,21.773082883018237,1.370323043485611
CRM,3h,3,2025-06-20 09:30:00,260.67,2025-06-23 15:30:00,263.39,5,1,100.0,2.751349565661344,1,100.0,2.7062451667154686,1,100.0,9.78759826114377,1,100.0,9.352959284035709,1,100.0,9.988512737347117,1,100.0,12.715273554519449,1,100.0,12.174020767168953,1,100.0,12.73987481636647,1,100.0,19.21026946265138,1,100.0,17.270786564657772,1,100.0,9.451364331423795,1,100.0,12.076303954471399,19.21026946265138,2.7062451667154686
CRM,4h,3,2025-06-20 13:30:00,260.6,2025-06-23 13:30:00,263.39,0,0,0.0,0.0,0,0.0,0.0,0,0.0,0.0,0,0.0,0.0,0,0.0,0.0,0,0.0,0.0,0,0.0,0.0,0,0.0,0.0,0,0.0,0.0,0,0.0,0.0,0,0.0,0.0,0,0.0,0.0,0.0,0.0
CRM,1d,2,2025-04-23 00:00:00,250.08,2025-06-23 00:00:00,263.41,0,0,0.0,0.0,0,0.0,0.0,0,0.0,0.0,0,0.0,0.0,0,0.0,0.0,0,0.0,0.0,0,0.0,0.0,0,0.0,0.0,0,0.0,0.0,0,0.0,0.0,0,0.0,0.0,0,0.0,0.0,0.0,0.0
CRM,1w,0,,,2025-06-29 00:00:00,263.41,0,0,0.0,0.0,0,0.0,0.0,0,0.0,0.0,0,0.0,0.0,0,0.0,0.0,0,0.0,0.0,0,0.0,0.0,0,0.0,0.0,0,0.0,0.0,0,0.0,0.0,0,0.0,0.0,0,0.0,0.0,0.0,0.0
CRWD,5m,9,2025-06-20 15:20:00,479.08,2025-06-23 15:55:00,491.82,85,8,87.5,0.052489585953293366,8,50.0,0.07543325919984838,8,62.5,0.1537306731110277,8,62.5,0.29222999526212745,8,75.0,0.44611932091689,8,62.5,0.23042823546226368,8,75.0,0.46689538287227256,8,100.0,1.000181257352281,8,75.0,1.0618647200709115,8,87.5,1.1059883299787139,8,87.5,1.9531111780706762,8,87.5,1.8590054966540928,4.282119994144475,-1.8665429208934072
CRWD,10m,4,2025-06-20 15:20:00,479.64,2025-06-23 15:50:00,491.82,42,2,100.0,0.6470578660868689,2,100.0,0.6688494611137824,2,100.0,1.1957058371045268,2,100.0,1.390068630756296,2,100.0,2.669881074393123,2,100.0,2.7066748239262868,2,100.0,2.8168012956377986,2,100.0,1.7175604718560757,2,100.0,1.7366321483132574,2,100.0,1.7426385942837093,2,100.0,1.7571689718756547,2,50.0,0.6710910931655637,3.803101125576662,-0.12298252176192039
CRWD,15m,1,2025-06-05 13:15:00,460.68,2025-06-23 15:45:00,491.82,296,1,0.0,-0.1584571677424133,1,100.0,0.21707042109462368,1,100.0,0.45151018557639655,1,100.0,2.9076625302191466,1,100.0,3.2319167713000683,1,100.0,1.784319126376348,1,100.0,1.9992233478952288,1,100.0,1.6236891345946576,1,100.0,1.9959641118363132,1,100.0,0.9876743906586586,1,100.0,0.9876743906586586,1,100.0,4.0407703933116235,4.0407703933116235,-0.1584571677424133
CRWD,30m,0,,,2025-06-23 15:30:00,491.82,0,0,0.0,0.0,0,0.0,0.0,0,0.0,0.0,0,0.0,0.0,0,0.0,0.0,0,0.0,0.0,0,0.0,0.0,0,0.0,0.0,0,0.0,0.0,0,0.0,0.0,0,0.0,0.0,0,0.0,0.0,0.0,0.0
CRWD,1h,0,,,2025-06-23 15:30:00,491.82,0,0,0.0,0.0,0,0.0,0.0,0,0.0,0.0,0,0.0,0.0,0,0.0,0.0,0,0.0,0.0,0,0.0,0.0,0,0.0,0.0,0,0.0,0.0,0,0.0,0.0,0,0.0,0.0,0,0.0,0.0,0.0,0.0
CRWD,2h,0,,,2025-06-23 15:30:00,491.82,0,0,0.0,0.0,0,0.0,0.0,0,0.0,0.0,0,0.0,0.0,0,0.0,0.0,0,0.0,0.0,0,0.0,0.0,0,0.0,0.0,0,0.0,0.0,0,0.0,0.0,0,0.0,0.0,0,0.0,0.0,0.0,0.0
CRWD,3h,0,,,2025-06-23 15:30:00,491.82,0,0,0.0,0.0,0,0.0,0.0,0,0.0,0.0,0,0.0,0.0,0,0.0,0.0,0,0.0,0.0,0,0.0,0.0,0,0.0,0.0,0,0.0,0.0,0,0.0,0.0,0,0.0,0.0,0,0.0,0.0,0.0,0.0
CRWD,4h,0,,,2025-06-23 13:30:00,491.82,0,0,0.0,0.0,0,0.0,0.0,0,0.0,0.0,0,0.0,0.0,0,0.0,0.0,0,0.0,0.0,0,0.0,0.0,0,0.0,0.0,0,0.0,0.0,0,0.0,0.0,0,0.0,0.0,0,0.0,0.0,0.0,0.0
CRWD,1d,0,,,2025-06-23 00:00:00,491.81,0,0,0.0,0.0,0,0.0,0.0,0,0.0,0.0,0,0.0,0.0,0,0.0,0.0,0,0.0,0.0,0,0.0,0.0,0,0.0,0.0,0,0.0,0.0,0,0.0,0.0,0,0.0,0.0,0,0.0,0.0,0.0,0.0
CRWD,1w,0,,,2025-06-29 00:00:00,491.81,0,0,0.0,0.0,0,0.0,0.0,0,0.0,0.0,0,0.0,0.0,0,0.0,0.0,0,0.0,0.0,0,0.0,0.0,0,0.0,0.0,0,0.0,0.0,0,0.0,0.0,0,0.0,0.0,0,0.0,0.0,0.0,0.0
DELL,5m,10,2025-06-23 11:05:00,118.79,2025-06-23 15:55:00,118.01,58,9,44.44444444444444,-0.05125502362390228,9,66.66666666666666,0.023895878206442196,9,66.66666666666666,0.29893640250988773,9,66.66666666666666,0.18639219009046706,9,44.44444444444444,0.035273466478323225,9,44.44444444444444,-0.009010945257283916,9,44.44444444444444,0.1836410246037502,9,44.44444444444444,0.18005332960160675,9,55.55555555555556,0.11035376159010617,9,55.55555555555556,-0.16881863392598817,9,44.44444444444444,-0.12636244515888165,9,33.33333333333333,-0.4890231895244639,2.308548692941699,-2.1139113621394507
DELL,10m,5,2025-06-12 09:40:00,111.34,2025-06-23 15:50:00,118.01,271,5,40.0,0.08785088875072297,5,60.0,0.335874829042496,5,60.0,0.1385839301986739,5,80.0,0.2714965205771285,5,60.0,0.16223737849625952,5,100.0,0.6757370580302756,5,80.0,0.5843740284368591,5,60.0,0.13946718668564828,5,20.0,-0.7930383188127371,5,0.0,-0.7172156250632974,5,40.0,-0.43641452128788066,5,100.0,1.43988343478488,1.833873565896359,-1.955595725513168
DELL,15m,4,2025-06-13 11:00:00,110.93,2025-06-23 15:45:00,118.01,149,4,25.0,-0.1215103584076305,4,25.0,-0.4257854013045706,4,25.0,-0.22452080757832427,4,75.0,-0.022445980673169635,4,75.0,0.48415834290371873,4,50.0,0.1513994726291693,4,50.0,0.15323405130943324,4,25.0,-0.4584563802826642,4,25.0,0.29926077711642785,4,75.0,1.2348397305166015,4,100.0,3.0177111092344866,4,100.0,4.29717363803824,6.539397410027687,-2.391773683319511
DELL,30m,2,2025-06-16 09:30:00,112.17,2025-06-23 15:30:00,118.01,0,0,0.0,0.0,0,0.0,0.0,0,0.0,0.0,0,0.0,0.0,0,0.0,0.0,0,0.0,0.0,0,0.0,0.0,0,0.0,0.0,0,0.0,0.0,0,0.0,0.0,0,0.0,0.0,0,0.0,0.0,0.0,0.0
DELL,1h,0,,,2025-06-23 15:30:00,118.01,0,0,0.0,0.0,0,0.0,0.0,0,0.0,0.0,0,0.0,0.0,0,0.0,0.0,0,0.0,0.0,0,0.0,0.0,0,0.0,0.0,0,0.0,0.0,0,0.0,0.0,0,0.0,0.0,0,0.0,0.0,0.0,0.0
DELL,2h,0,,,2025-06-23 15:30:00,118.01,0,0,0.0,0.0,0,0.0,0.0,0,0.0,0.0,0,0.0,0.0,0,0.0,0.0,0,0.0,0.0,0,0.0,0.0,0,0.0,0.0,0,0.0,0.0,0,0.0,0.0,0,0.0,0.0,0,0.0,0.0,0.0,0.0
DELL,3h,0,,,2025-06-23 15:30:00,118.01,0,0,0.0,0.0,0,0.0,0.0,0,0.0,0.0,0,0.0,0.0,0,0.0,0.0,0,0.0,0.0,0,0.0,0.0,0,0.0,0.0,0,0.0,0.0,0,0.0,0.0,0,0.0,0.0,0,0.0,0.0,0.0,0.0
DELL,4h,0,,,2025-06-23 13:30:00,118.01,0,0,0.0,0.0,0,0.0,0.0,0,0.0,0.0,0,0.0,0.0,0,0.0,0.0,0,0.0,0.0,0,0.0,0.0,0,0.0,0.0,0,0.0,0.0,0,0.0,0.0,0,0.0,0.0,0,0.0,0.0,0.0,0.0
DELL,1d,1,2025-01-21 00:00:00,110.4,2025-06-23 00:00:00,118.02,105,1,100.0,2.3626259065419606,1,0.0,-8.83399185858094,1,0.0,-8.4919729212778,1,100.0,0.30151433048289905,1,100.0,8.869983667541836,1,100.0,4.090723408407722,1,0.0,-12.470187372334642,1,0.0,-11.147115206062436,1,0.0,-14.198284874200404,1,0.0,-24.971874488379683,1,100.0,0.42843245098344784,1,0.0,-0.7581984164571578,8.869983667541836,-24.971874488379683
DELL,1w,0,,,2025-06-29 00:00:00,118.02,0,0,0.0,0.0,0,0.0,0.0,0,0.0,0.0,0,0.0,0.0,0,0.0,0.0,0,0.0,0.0,0,0.0,0.0,0,0.0,0.0,0,0.0,0.0,0,0.0,0.0,0,0.0,0.0,0,0.0,0.0,0.0,0.0
DIS,5m,14,2025-06-18 12:05:00,117.67,2025-06-23 15:55:00,117.76,202,14,50.0,0.0008281546284663919,14,71.42857142857143,0.07590838791562995,14,78.57142857142857,0.13886086107159973,14,85.71428571428571,0.16932124233857118,14,85.71428571428571,0.1631839236225405,14,78.57142857142857,0.1435411946328066,14,64.28571428571429,0.24897696247854456,14,64.28571428571429,0.11441753193717112,14,71.42857142857143,0.21827789323852245,14,64.28571428571429,0.1667979694167677,14,64.28571428571429,0.39501720016591285,14,57.14285714285714,0.32851118214715896,2.167927082348794,-1.2084804359496597
DIS,10m,4,2025-06-23 10:00:00,116.9,2025-06-23 15:50:00,117.76,35,3,100.0,0.20042169652301287,3,100.0,0.21806846041530448,3,100.0,0.24886795117754626,3,100.0,0.3365965402867707,3,100.0,0.4494758992202925,3,100.0,0.6948779856911481,3,100.0,0.4885123519375445,3,66.66666666666666,1.0880762432123952,3,66.66666666666666,0.6326118368291095,3,66.66666666666666,0.8348807693897319,3,66.66666666666666,0.182506260546629,3,66.66666666666666,0.7812703492155486,2.22061810371655,-1.4344907594405905
DIS,15m,3,2025-06-20 14:30:00,117.22,2025-06-23 15:45:00,117.76,31,1,100.0,0.17826746946720273,1,100.0,0.21222410316081014,1,100.0,0.19524254803118232,1,100.0,0.0424409346927731,1,100.0,0.5942248982240091,1,100.0,2.011459376195331,1,100.0,1.2308972077064395,1,100.0,1.1205430056264516,1,100.0,0.5202042294305247,1,100.0,0.5093365522728147,1,0.0,-0.3013610761772356,1,100.0,0.5178273298376286,2.011459376195331,-0.3013610761772356
DIS,30m,0,,,2025-06-23 15:30:00,117.76,0,0,0.0,0.0,0,0.0,0.0,0,0.0,0.0,0,0.0,0.0,0,0.0,0.0,0,0.0,0.0,0,0.0,0.0,0,0.0,0.0,0,0.0,0.0,0,0.0,0.0,0,0.0,0.0,0,0.0,0.0,0.0,0.0
DIS,1h,1,2025-04-17 09:30:00,84.13,2025-06-23 15:30:00,117.76,314,1,100.0,1.0281772511634306,1,100.0,0.9449730468255125,1,0.0,-0.6894023779806943,1,100.0,1.9255946742779848,1,100.0,2.3178469526902257,1,100.0,4.029477594581415,1,100.0,6.681329348358274,1,100.0,6.727687919756143,1,100.0,8.106501744295661,1,100.0,7.185315577903756,1,100.0,10.216333651852025,1,100.0,25.94200082034358,25.94200082034358,-0.6894023779806943
DIS,2h,0,,,2025-06-23 15:30:00,117.76,0,0,0.0,0.0,0,0.0,0.0,0,0.0,0.0,0,0.0,0.0,0,0.0,0.0,0,0.0,0.0,0,0.0,0.0,0,0.0,0.0,0,0.0,0.0,0,0.0,0.0,0,0.0,0.0,0,0.0,0.0,0.0,0.0
DIS,3h,0,,,2025-06-23 15:30:00,117.76,0,0,0.0,0.0,0,0.0,0.0,0,0.0,0.0,0,0.0,0.0,0,0.0,0.0,0,0.0,0.0,0,0.0,0.0,0,0.0,0.0,0,0.0,0.0,0,0.0,0.0,0,0.0,0.0,0,0.0,0.0,0.0,0.0
DIS,4h,0,,,2025-06-23 13:30:00,117.76,0,0,0.0,0.0,0,0.0,0.0,0,0.0,0.0,0,0.0,0.0,0,0.0,0.0,0,0.0,0.0,0,0.0,0.0,0,0.0,0.0,0,0.0,0.0,0,0.0,0.0,0,0.0,0.0,0,0.0,0.0,0.0,0.0
DIS,1d,0,,,2025-06-23 00:00:00,117.75,0,0,0.0,0.0,0,0.0,0.0,0,0.0,0.0,0,0.0,0.0,0,0.0,0.0,0,0.0,0.0,0,0.0,0.0,0,0.0,0.0,0,0.0,0.0,0,0.0,0.0,0,0.0,0.0,0,0.0,0.0,0.0,0.0
DIS,1w,0,,,2025-06-29 00:00:00,117.75,0,0,0.0,0.0,0,0.0,0.0,0,0.0,0.0,0,0.0,0.0,0,0.0,0.0,0,0.0,0.0,0,0.0,0.0,0,0.0,0.0,0,0.0,0.0,0,0.0,0.0,0,0.0,0.0,0,0.0,0.0,0.0,0.0
DJT,5m,22,2025-06-23 09:30:00,18.52,2025-06-23 15:55:00,17.91,77,20,45.0,-0.0033169075909514913,20,65.0,-0.0053359926781721976,20,50.0,0.16695568767170998,20,35.0,-0.15337845158421987,20,35.0,-0.3492030175735227,20,40.0,-0.1983211591722755,20,55.00000000000001,0.06519583434488811,20,50.0,-0.39789648941059985,20,60.0,-0.50969956150524,20,40.0,-0.6855098524515213,20,20.0,-1.2568762639115933,20,25.0,-1.5817700884970498,4.750478713385359,-6.209518906693182
DJT,10m,11,2025-06-23 09:30:00,18.52,2025-06-23 15:50:00,17.91,38,6,33.33333333333333,-0.2820893772071931,6,50.0,-0.4959050904618627,6,33.33333333333333,-0.543100444928429,6,50.0,0.5071983378665393,6,66.66666666666666,1.4655854489936717,6,83.33333333333334,0.6005718562970296,6,33.33333333333333,0.2979608075355739,6,33.33333333333333,-0.35256736099875496,6,33.33333333333333,-1.483497578897671,6,33.33333333333333,-2.408211273305306,6,33.33333333333333,-1.8045824142672207,6,33.33333333333333,-1.4098612502762669,6.640996704362348,-7.851141267622482
DJT,15m,9,2025-06-18 15:30:00,18.58,2025-06-23 15:45:00,17.91,53,5,20.0,-0.5873824914972803,5,20.0,-0.9734593570046176,5,20.0,-1.54345425221149,5,20.0,-2.4868244093455067,5,0.0,-2.6659948646858935,5,20.0,-1.4813143557051909,5,0.0,-2.8582862207524835,5,0.0,-4.237158491613648,5,0.0,-3.967528216713211,5,0.0,-3.9040686565705593,5,20.0,-3.931765414420865,5,20.0,-3.949430199288048,3.33255723668343,-9.383544487994694
DJT,30m,4,2025-06-23 13:30:00,17.85,2025-06-23 15:30:00,17.91,0,0,0.0,0.0,0,0.0,0.0,0,0.0,0.0,0,0.0,0.0,0,0.0,0.0,0,0.0,0.0,0,0.0,0.0,0,0.0,0.0,0,0.0,0.0,0,0.0,0.0,0,0.0,0.0,0,0.0,0.0,0.0,0.0
DJT,1h,7,2025-06-23 09:30:00,18.32,2025-06-23 15:30:00,17.91,6,1,0.0,-1.974917679100387,1,0.0,-8.086475834753875,1,0.0,-8.833737030844173,1,0.0,-7.499336220299931,1,0.0,-7.811047981906098,1,0.0,-5.204165197256595,1,100.0,6.965573859948185,1,100.0,0.1868152990225742,1,100.0,0.934076495112871,1,100.0,8.006404863265454,1,100.0,20.016012158163633,1,100.0,38.24392193624946,38.24392193624946,-8.833737030844173
DJT,2h,4,2025-06-23 09:30:00,18.34,2025-06-23 15:30:00,17.91,0,0,0.0,0.0,0,0.0,0.0,0,0.0,0.0,0,0.0,0.0,0,0.0,0.0,0,0.0,0.0,0,0.0,0.0,0,0.0,0.0,0,0.0,0.0,0,0.0,0.0,0,0.0,0.0,0,0.0,0.0,0.0,0.0
DJT,3h,3,2025-06-23 12:30:00,17.91,2025-06-23 15:30:00,17.91,0,0,0.0,0.0,0,0.0,0.0,0,0.0,0.0,0,0.0,0.0,0,0.0,0.0,0,0.0,0.0,0,0.0,0.0,0,0.0,0.0,0,0.0,0.0,0,0.0,0.0,0,0.0,0.0,0,0.0,0.0,0.0,0.0
DJT,4h,1,2025-06-06 13:30:00,20.9,2025-06-23 13:30:00,17.91,0,0,0.0,0.0,0,0.0,0.0,0,0.0,0.0,0,0.0,0.0,0,0.0,0.0,0,0.0,0.0,0,0.0,0.0,0,0.0,0.0,0,0.0,0.0,0,0.0,0.0,0,0.0,0.0,0,0.0,0.0,0.0,0.0
DJT,1d,2,2025-04-09 00:00:00,20.27,2025-06-23 00:00:00,17.89,50,1,100.0,13.729650139214176,1,100.0,11.8895986664488,1,100.0,45.576783639241405,1,100.0,121.23142233335149,1,100.0,154.14012425033135,1,100.0,183.29793669559885,1,100.0,154.45860962384938,1,100.0,113.02194011100823,1,100.0,138.78274172117221,1,100.0,150.60155386143944,1,100.0,137.86270586085845,1,100.0,97.0276003333878,183.29793669559885,11.8895986664488
DJT,1w,0,,,2025-06-29 00:00:00,17.89,0,0,0.0,0.0,0,0.0,0.0,0,0.0,0.0,0,0.0,0.0,0,0.0,0.0,0,0.0,0.0,0,0.0,0.0,0,0.0,0.0,0,0.0,0.0,0,0.0,0.0,0,0.0,0.0,0,0.0,0.0,0.0,0.0
DUO,5m,14,2025-06-13 15:05:00,2.45,2025-06-23 15:55:00,2.37,232,14,28.57142857142857,-0.433356483838334,14,28.57142857142857,-0.5738782617207577,14,42.857142857142854,-0.31993816677962666,14,42.857142857142854,0.27702660431094983,14,57.14285714285714,1.472677316609552,14,64.28571428571429,1.27838004071763,14,64.28571428571429,1.9340040241319127,14,57.14285714285714,2.1442658187749895,14,64.28571428571429,2.0532169903333726,14,64.28571428571429,2.8315370976345804,14,71.42857142857143,1.3197472453892745,14,50.0,0.2974844990619676,11.680321341335077,-8.651524859083558
DUO,10m,9,2025-06-18 10:00:00,2.49,2025-06-23 15:50:00,2.37,92,8,62.5,0.3354700016570464,8,50.0,1.1082946629372137,8,62.5,2.6319920660580607,8,62.5,1.4026547251482164,8,50.0,2.5108950620428434,8,50.0,2.6463058902901913,8,62.5,3.3844495344391863,8,62.5,2.005534789514349,8,62.5,0.51033532195329,8,62.5,1.0834976099536104,8,62.5,0.809888579120662,8,62.5,1.1351139846646547,11.87295182322787,-6.445590787532969
DUO,15m,6,2025-06-11 15:00:00,2.44,2025-06-23 15:45:00,2.37,173,6,66.66666666666666,0.26379835451668654,6,66.66666666666666,1.7020606558432254,6,33.33333333333333,-0.40572638478924317,6,33.33333333333333,0.04280110626990415,6,50.0,1.5298860856386736,6,33.33333333333333,1.153011874423747,6,33.33333333333333,0.6778545788099474,6,33.33333333333333,0.8201956800693648,6,50.0,0.3927540299249053,6,50.0,1.4518058983269455,6,66.66666666666666,0.7934442641600775,6,50.0,-0.7286162181174877,11.097468887926292,-5.964370365808153
DUO,30m,4,2025-06-16 09:30:00,2.56,2025-06-23 15:30:00,2.37,63,3,66.66666666666666,0.37650399828338604,3,66.66666666666666,1.3126859661824943,3,33.33333333333333,0.4293116727828454,3,0.0,-4.223129046006346,3,0.0,-4.551292270865577,3,33.33333333333333,-5.231381402586254,3,66.66666666666666,-3.7366403199726963,3,66.66666666666666,-5.354808723617983,3,0.0,-9.4935414119202,3,0.0,-5.6471627821321215,3,0.0,-17.027830866188925,3,0.0,-23.349813700476755,4.520618603252614,-24.69362773743102
DUO,1h,3,2025-06-06 10:30:00,3.16,2025-06-23 15:30:00,2.37,75,2,100.0,0.7922430223132855,2,100.0,3.5723126705707036,2,100.0,4.1456498428616,2,100.0,13.694404745697895,2,100.0,14.794821912821575,2,100.0,13.351161947533104,2,100.0,2.7305716108291924,2,100.0,13.028262015249343,2,100.0,10.711339308709855,2,100.0,2.909116649337853,2,100.0,0.9483962795899485,2,100.0,32.19647649831401,54.809430785122146,0.26870137478396483
DUO,2h,1,2025-06-06 11:30:00,3.22,2025-06-23 15:30:00,2.37,0,0,0.0,0.0,0,0.0,0.0,0,0.0,0.0,0,0.0,0.0,0,0.0,0.0,0,0.0,0.0,0,0.0,0.0,0,0.0,0.0,0,0.0,0.0,0,0.0,0.0,0,0.0,0.0,0,0.0,0.0,0.0,0.0
DUO,3h,2,2025-06-06 12:30:00,3.2,2025-06-23 15:30:00,2.37,0,0,0.0,0.0,0,0.0,0.0,0,0.0,0.0,0,0.0,0.0,0,0.0,0.0,0,0.0,0.0,0,0.0,0.0,0,0.0,0.0,0,0.0,0.0,0,0.0,0.0,0,0.0,0.0,0,0.0,0.0,0.0,0.0
DUO,4h,4,2025-06-16 09:30:00,2.59,2025-06-23 13:30:00,2.37,0,0,0.0,0.0,0,0.0,0.0,0,0.0,0.0,0,0.0,0.0,0,0.0,0.0,0,0.0,0.0,0,0.0,0.0,0,0.0,0.0,0,0.0,0.0,0,0.0,0.0,0,0.0,0.0,0,0.0,0.0,0.0,0.0
DUO,1d,7,2025-06-20 00:00:00,2.59,2025-06-23 00:00:00,2.36,0,0,0.0,0.0,0,0.0,0.0,0,0.0,0.0,0,0.0,0.0,0,0.0,0.0,0,0.0,0.0,0,0.0,0.0,0,0.0,0.0,0,0.0,0.0,0,0.0,0.0,0,0.0,0.0,0,0.0,0.0,0.0,0.0
DUO,1w,0,,,2025-06-29 00:00:00,2.36,0,0,0.0,0.0,0,0.0,0.0,0,0.0,0.0,0,0.0,0.0,0,0.0,0.0,0,0.0,0.0,0,0.0,0.0,0,0.0,0.0,0,0.0,0.0,0,0.0,0.0,0,0.0,0.0,0,0.0,0.0,0.0,0.0
DUOL,5m,22,2025-06-23 09:40:00,468.83,2025-06-23 15:55:00,448.53,75,21,42.857142857142854,-0.13074821078076376,21,33.33333333333333,-0.2730104925570946,21,38.095238095238095,-0.41542107388979027,21,33.33333333333333,-0.4515234122943636,21,38.095238095238095,-0.3304361144026608,21,23.809523809523807,-0.2800789016635568,21,33.33333333333333,-0.2654769447109931,21,28.57142857142857,-0.7747277046403354,21,38.095238095238095,-0.611939678517057,21,42.857142857142854,-0.3224148315210484,21,57.14285714285714,-0.04731635446588297,21,47.61904761904761,-0.45559728682001727,2.6064324404536263,-5.623881442115162
DUOL,10m,6,2025-06-23 13:30:00,463.34,2025-06-23 15:50:00,448.53,14,4,75.0,0.22364293204030836,4,75.0,0.185431007859218,4,50.0,-0.23934314578774968,4,50.0,-0.4161462013442609,4,0.0,-0.7418391995105915,4,25.0,-0.6272995620036741,4,25.0,-0.5691478121322232,4,75.0,0.09064301553599574,4,50.0,-0.30328087965822287,4,75.0,0.16901253684321063,4,50.0,-0.4352370165436722,4,0.0,-0.6564957563763159,1.2436487112288104,-2.2646295081387264
DUOL,15m,5,2025-06-17 10:45:00,473.83,2025-06-23 15:45:00,448.53,98,4,50.0,0.14864014486059723,4,50.0,0.09936723232169077,4,50.0,0.07962855204477579,4,50.0,0.053080071664150186,4,50.0,0.5021161998401877,4,75.0,0.9847440899313453,4,50.0,0.3219925210709421,4,75.0,0.3980128113029371,4,50.0,0.24608097871414825,4,100.0,0.7093190225489581,4,50.0,-0.10915618320813078,4,25.0,0.16110656475802373,2.598711826574626,-1.4788454378493197
DUOL,30m,1,2025-06-12 13:00:00,471.96,2025-06-23 15:30:00,448.53,0,0,0.0,0.0,0,0.0,0.0,0,0.0,0.0,0,0.0,0.0,0,0.0,0.0,0,0.0,0.0,0,0.0,0.0,0,0.0,0.0,0,0.0,0.0,0,0.0,0.0,0,0.0,0.0,0,0.0,0.0,0.0,0.0
DUOL,1h,2,2025-06-23 10:30:00,470.62,2025-06-23 15:30:00,448.53,0,0,0.0,0.0,0,0.0,0.0,0,0.0,0.0,0,0.0,0.0,0,0.0,0.0,0,0.0,0.0,0,0.0,0.0,0,0.0,0.0,0,0.0,0.0,0,0.0,0.0,0,0.0,0.0,0,0.0,0.0,0.0,0.0
DUOL,2h,0,,,2025-06-23 15:30:00,448.53,0,0,0.0,0.0,0,0.0,0.0,0,0.0,0.0,0,0.0,0.0,0,0.0,0.0,0,0.0,0.0,0,0.0,0.0,0,0.0,0.0,0,0.0,0.0,0,0.0,0.0,0,0.0,0.0,0,0.0,0.0,0.0,0.0
DUOL,3h,0,,,2025-06-23 15:30:00,448.53,0,0,0.0,0.0,0,0.0,0.0,0,0.0,0.0,0,0.0,0.0,0,0.0,0.0,0,0.0,0.0,0,0.0,0.0,0,0.0,0.0,0,0.0,0.0,0,0.0,0.0,0,0.0,0.0,0,0.0,0.0,0.0,0.0
DUOL,4h,0,,,2025-06-23 13:30:00,448.53,0,0,0.0,0.0,0,0.0,0.0,0,0.0,0.0,0,0.0,0.0,0,0.0,0.0,0,0.0,0.0,0,0.0,0.0,0,0.0,0.0,0,0.0,0.0,0,0.0,0.0,0,0.0,0.0,0,0.0,0.0,0.0,0.0
DUOL,1d,0,,,2025-06-23 00:00:00,448.54,0,0,0.0,0.0,0,0.0,0.0,0,0.0,0.0,0,0.0,0.0,0,0.0,0.0,0,0.0,0.0,0,0.0,0.0,0,0.0,0.0,0,0.0,0.0,0,0.0,0.0,0,0.0,0.0,0,0.0,0.0,0.0,0.0
DUOL,1w,0,,,2025-06-29 00:00:00,448.54,0,0,0.0,0.0,0,0.0,0.0,0,0.0,0.0,0,0.0,0.0,0,0.0,0.0,0,0.0,0.0,0,0.0,0.0,0,0.0,0.0,0,0.0,0.0,0,0.0,0.0,0,0.0,0.0,0,0.0,0.0,0.0,0.0
DXYZ,5m,8,2025-06-20 15:15:00,37.9,2025-06-23 15:55:00,39.42,84,7,57.14285714285714,-0.40669293475946666,7,57.14285714285714,-0.345036533062293,7,28.57142857142857,-0.7585721958340803,7,42.857142857142854,-0.3217222711798063,7,42.857142857142854,0.38174545851710345,7,42.857142857142854,-0.30150281192306094,7,42.857142857142854,0.20581141971763614,7,71.42857142857143,1.3275796228865733,7,85.71428571428571,1.2420918953007851,7,85.71428571428571,1.054024176900784,7,71.42857142857143,0.27415084013461916,7,71.42857142857143,0.17650207596466608,5.093630152007793,-8.445814090999697
DXYZ,10m,6,2025-06-20 15:10:00,37.9,2025-06-23 15:50:00,39.42,43,4,25.0,-0.12417904873064782,4,50.0,0.28120194458914755,4,100.0,2.576577640653017,4,100.0,2.077777508600798,4,50.0,0.7605840608180775,4,75.0,0.6472551232435553,4,75.0,0.9506433599415773,4,75.0,1.567842481809742,4,75.0,0.35908072409887226,4,75.0,0.5562871220346102,4,50.0,0.5745203977897101,4,100.0,1.5226255918065723,3.460609161893755,-3.3980443402033482
DXYZ,15m,7,2025-06-23 09:30:00,37.82,2025-06-23 15:45:00,39.42,25,5,20.0,-0.22652167666396314,5,40.0,0.06014956046988329,5,20.0,-0.3887639956313844,5,20.0,-0.7472078018819894,5,20.0,-1.4485506026665118,5,20.0,-1.5952151209492573,5,40.0,-1.0253130164151418,5,40.0,-1.2316261528441468,5,20.0,-2.438459636963753,5,20.0,-1.5701708073198002,5,40.0,-1.1534870144432234,5,40.0,-2.494734588141163,2.6463724775761466,-6.732428097658887
DXYZ,30m,2,2025-06-23 09:30:00,40.0,2025-06-23 15:30:00,39.42,12,1,0.0,-1.9529048549423789,1,0.0,-3.618415489054351,1,0.0,-2.688027636115713,1,0.0,-1.2637283430117285,1,0.0,-1.2407508267129839,1,100.0,0.5051635877349839,1,0.0,-0.9880594909104293,1,0.0,-0.8973149519045179,1,0.0,-3.5724779831664715,1,0.0,-15.70660463379912,1,0.0,-8.522380074584913,1,0.0,-5.812303837779787,0.5051635877349839,-15.70660463379912
DXYZ,1h,1,2025-06-23 09:30:00,40.28,2025-06-23 15:30:00,39.42,0,0,0.0,0.0,0,0.0,0.0,0,0.0,0.0,0,0.0,0.0,0,0.0,0.0,0,0.0,0.0,0,0.0,0.0,0,0.0,0.0,0,0.0,0.0,0,0.0,0.0,0,0.0,0.0,0,0.0,0.0,0.0,0.0
DXYZ,2h,1,2025-06-23 09:30:00,39.77,2025-06-23 15:30:00,39.42,0,0,0.0,0.0,0,0.0,0.0,0,0.0,0.0,0,0.0,0.0,0,0.0,0.0,0,0.0,0.0,0,0.0,0.0,0,0.0,0.0,0,0.0,0.0,0,0.0,0.0,0,0.0,0.0,0,0.0,0.0,0.0,0.0
DXYZ,3h,0,,,2025-06-23 15:30:00,39.42,0,0,0.0,0.0,0,0.0,0.0,0,0.0,0.0,0,0.0,0.0,0,0.0,0.0,0,0.0,0.0,0,0.0,0.0,0,0.0,0.0,0,0.0,0.0,0,0.0,0.0,0,0.0,0.0,0,0.0,0.0,0.0,0.0
DXYZ,4h,0,,,2025-06-23 13:30:00,39.42,0,0,0.0,0.0,0,0.0,0.0,0,0.0,0.0,0,0.0,0.0,0,0.0,0.0,0,0.0,0.0,0,0.0,0.0,0,0.0,0.0,0,0.0,0.0,0,0.0,0.0,0,0.0,0.0,0,0.0,0.0,0.0,0.0
DXYZ,1d,2,2025-04-22 00:00:00,30.41,2025-06-23 00:00:00,39.43,0,0,0.0,0.0,0,0.0,0.0,0,0.0,0.0,0,0.0,0.0,0,0.0,0.0,0,0.0,0.0,0,0.0,0.0,0,0.0,0.0,0,0.0,0.0,0,0.0,0.0,0,0.0,0.0,0,0.0,0.0,0.0,0.0
DXYZ,1w,0,,,2025-06-29 00:00:00,39.43,0,0,0.0,0.0,0,0.0,0.0,0,0.0,0.0,0,0.0,0.0,0,0.0,0.0,0,0.0,0.0,0,0.0,0.0,0,0.0,0.0,0,0.0,0.0,0,0.0,0.0,0,0.0,0.0,0,0.0,0.0,0.0,0.0
FUTU,5m,11,2025-06-23 11:00:00,114.15,2025-06-23 15:55:00,112.72,59,8,37.5,-0.04394610149769485,8,62.5,0.026858578862264004,8,37.5,-0.23028674929525317,8,50.0,0.2868838436013861,8,37.5,-0.4384443600444182,8,25.0,-0.9290284799314416,8,25.0,-1.091670385479246,8,25.0,-1.1113800558176894,8,25.0,-1.2434075487145595,8,25.0,-1.126913897230725,8,25.0,-0.9519282927210754,8,50.0,-0.013606148203839652,11.22191630896205,-5.4448495912217645
FUTU,10m,4,2025-06-23 13:00:00,112.5,2025-06-23 15:50:00,112.72,17,3,100.0,0.2310604265124283,3,33.33333333333333,-0.5200256914074554,3,33.33333333333333,0.4673749750284332,3,33.33333333333333,0.2616629690603345,3,33.33333333333333,1.1449244379641286,3,33.33333333333333,1.1897924251596221,3,33.33333333333333,2.219508934326413,3,33.33333333333333,2.6056972412378636,3,100.0,4.192557620565341,3,100.0,3.4678325180754754,3,100.0,4.614361783511646,3,33.33333333333333,2.296793333870028,11.34511979361048,-3.504913313864036
FUTU,15m,1,2025-06-23 13:00:00,112.72,2025-06-23 15:45:00,112.72,0,0,0.0,0.0,0,0.0,0.0,0,0.0,0.0,0,0.0,0.0,0,0.0,0.0,0,0.0,0.0,0,0.0,0.0,0,0.0,0.0,0,0.0,0.0,0,0.0,0.0,0,0.0,0.0,0,0.0,0.0,0.0,0.0
FUTU,30m,0,,,2025-06-23 15:30:00,112.72,0,0,0.0,0.0,0,0.0,0.0,0,0.0,0.0,0,0.0,0.0,0,0.0,0.0,0,0.0,0.0,0,0.0,0.0,0,0.0,0.0,0,0.0,0.0,0,0.0,0.0,0,0.0,0.0,0,0.0,0.0,0.0,0.0
FUTU,1h,1,2025-04-21 12:30:00,79.19,2025-06-23 15:30:00,112.72,304,1,100.0,1.4415002030465167,1,100.0,5.293063805742049,1,100.0,7.768169532039199,1,100.0,12.188003250671162,1,100.0,16.178486318325874,1,100.0,10.950455204759043,1,100.0,10.69789713176924,1,100.0,15.408171670892184,1,100.0,16.304765354820777,1,100.0,22.37256603106443,1,100.0,29.943113254674287,1,100.0,28.8193386994136,29.943113254674287,1.4415002030465167
FUTU,2h,0,,,2025-06-23 15:30:00,112.72,0,0,0.0,0.0,0,0.0,0.0,0,0.0,0.0,0,0.0,0.0,0,0.0,0.0,0,0.0,0.0,0,0.0,0.0,0,0.0,0.0,0,0.0,0.0,0,0.0,0.0,0,0.0,0.0,0,0.0,0.0,0.0,0.0
FUTU,3h,0,,,2025-06-23 15:30:00,112.72,0,0,0.0,0.0,0,0.0,0.0,0,0.0,0.0,0,0.0,0.0,0,0.0,0.0,0,0.0,0.0,0,0.0,0.0,0,0.0,0.0,0,0.0,0.0,0,0.0,0.0,0,0.0,0.0,0,0.0,0.0,0.0,0.0
FUTU,4h,0,,,2025-06-23 13:30:00,112.72,0,0,0.0,0.0,0,0.0,0.0,0,0.0,0.0,0,0.0,0.0,0,0.0,0.0,0,0.0,0.0,0,0.0,0.0,0,0.0,0.0,0,0.0,0.0,0,0.0,0.0,0,0.0,0.0,0,0.0,0.0,0.0,0.0
FUTU,1d,0,,,2025-06-23 00:00:00,112.75,0,0,0.0,0.0,0,0.0,0.0,0,0.0,0.0,0,0.0,0.0,0,0.0,0.0,0,0.0,0.0,0,0.0,0.0,0,0.0,0.0,0,0.0,0.0,0,0.0,0.0,0,0.0,0.0,0,0.0,0.0,0.0,0.0
FUTU,1w,0,,,2025-06-29 00:00:00,112.75,0,0,0.0,0.0,0,0.0,0.0,0,0.0,0.0,0,0.0,0.0,0,0.0,0.0,0,0.0,0.0,0,0.0,0.0,0,0.0,0.0,0,0.0,0.0,0,0.0,0.0,0,0.0,0.0,0,0.0,0.0,0.0,0.0
GME,5m,11,2025-06-23 11:55:00,22.86,2025-06-23 15:55:00,22.84,48,9,66.66666666666666,0.1552560842171621,9,88.88888888888889,0.335899151563748,9,44.44444444444444,0.18390027656800256,9,66.66666666666666,0.1602824642084074,9,55.55555555555556,-1.8009271346797138,9,55.55555555555556,-2.015315637403484,9,55.55555555555556,-2.0029198149276564,9,55.55555555555556,-2.029761524018347,9,66.66666666666666,-1.7091592408937315,9,66.66666666666666,-1.8008559916794853,9,55.55555555555556,-2.2499402640226744,9,55.55555555555556,-1.4544181658901865,5.024494775940102,-24.89734356528989
GME,10m,8,2025-06-16 09:30:00,22.46,2025-06-23 15:50:00,22.84,194,8,50.0,-0.07138432759890576,8,50.0,-0.3122897871624601,8,50.0,-0.8533587872554765,8,50.0,-0.7355464667615649,8,62.5,-0.30874024787130816,8,62.5,-0.3460694756569964,8,75.0,-0.3590083424357624,8,50.0,-0.43713974472145656,8,37.5,-0.13829036216385393,8,37.5,-0.4317332142341369,8,75.0,0.650638645241814,8,75.0,0.8601171628938965,5.476409170627713,-5.809665650454846
GME,15m,2,2025-05-29 12:45:00,29.82,2025-06-23 15:45:00,22.84,428,2,0.0,-1.1460536756474682,2,0.0,-2.079265708710817,2,0.0,-2.9050183065613253,2,50.0,-2.2980621021799497,2,50.0,-2.6288263666955314,2,0.0,-2.729437585119286,2,0.0,-2.3364771517133787,2,50.0,-2.6545709864020193,2,50.0,-0.7658970681695676,2,50.0,-0.5931239868595555,2,50.0,0.23592455207743324,2,50.0,-0.9668418252857585,2.364184879010645,-5.61892872581239
GME,30m,0,,,2025-06-23 15:30:00,22.84,0,0,0.0,0.0,0,0.0,0.0,0,0.0,0.0,0,0.0,0.0,0,0.0,0.0,0,0.0,0.0,0,0.0,0.0,0,0.0,0.0,0,0.0,0.0,0,0.0,0.0,0,0.0,0.0,0,0.0,0.0,0.0,0.0
GME,1h,0,,,2025-06-23 15:30:00,22.84,0,0,0.0,0.0,0,0.0,0.0,0,0.0,0.0,0,0.0,0.0,0,0.0,0.0,0,0.0,0.0,0,0.0,0.0,0,0.0,0.0,0,0.0,0.0,0,0.0,0.0,0,0.0,0.0,0,0.0,0.0,0.0,0.0
GME,2h,0,,,2025-06-23 15:30:00,22.84,0,0,0.0,0.0,0,0.0,0.0,0,0.0,0.0,0,0.0,0.0,0,0.0,0.0,0,0.0,0.0,0,0.0,0.0,0,0.0,0.0,0,0.0,0.0,0,0.0,0.0,0,0.0,0.0,0,0.0,0.0,0.0,0.0
GME,3h,1,2025-04-04 09:30:00,22.2,2025-06-23 15:30:00,22.84,161,1,100.0,5.202697025240751,1,100.0,9.34684137063099,1,100.0,13.41440824854367,1,100.0,16.846845236878085,1,100.0,21.41891440249213,1,100.0,16.441439158072285,1,100.0,18.378377403108843,1,100.0,21.09909844272722,1,100.0,22.92792782730488,1,100.0,19.39188400846313,1,100.0,27.92792181314273,1,100.0,36.15449660861396,36.15449660861396,5.202697025240751
GME,4h,0,,,2025-06-23 13:30:00,22.84,0,0,0.0,0.0,0,0.0,0.0,0,0.0,0.0,0,0.0,0.0,0,0.0,0.0,0,0.0,0.0,0,0.0,0.0,0,0.0,0.0,0,0.0,0.0,0,0.0,0.0,0,0.0,0.0,0,0.0,0.0,0.0,0.0
GME,1d,5,2025-04-04 00:00:00,23.49,2025-06-23 00:00:00,22.82,53,2,100.0,2.1730950991181586,2,100.0,7.043690797546564,2,0.0,-3.028821609029584,2,50.0,-1.5437666912900327,2,50.0,0.8131135890920977,2,0.0,-3.184759746642015,2,50.0,-0.2991975642077014,2,50.0,8.66164977240243,2,100.0,20.23630917064257,2,100.0,32.221976007116,2,100.0,35.259547132152335,2,100.0,26.33626777883176,43.65411106337567,-5.858126610061914
GME,1w,0,,,2025-06-29 00:00:00,22.82,0,0,0.0,0.0,0,0.0,0.0,0,0.0,0.0,0,0.0,0.0,0,0.0,0.0,0,0.0,0.0,0,0.0,0.0,0,0.0,0.0,0,0.0,0.0,0,0.0,0.0,0,0.0,0.0,0,0.0,0.0,0.0,0.0
GOOGL,5m,11,2025-06-23 13:10:00,162.65,2025-06-23 15:55:00,165.15,33,8,37.5,-0.17957199866999823,8,25.0,-0.17699177787607148,8,0.0,-0.5091056336023538,8,0.0,-0.6064061574276443,8,0.0,-0.74527398414894,8,0.0,-0.794896808783758,8,0.0,-1.0281584803538149,8,12.5,-0.6924344220953278,8,25.0,-0.3309779453302093,8,25.0,-0.5059387849037249,8,0.0,-1.1299515582985047,8,0.0,-1.0470252793362145,0.9411247310235578,-2.112837209800799
GOOGL,10m,3,2025-06-23 13:30:00,163.18,2025-06-23 15:50:00,165.15,14,1,0.0,-0.2485761290164817,1,0.0,-0.43574227189996484,1,0.0,-0.4240421568265218,1,0.0,-1.8357132491888903,1,0.0,-1.2036303734630323,1,0.0,-0.7398738672262731,1,0.0,-0.18423888297189706,1,0.0,-1.1317518633169532,1,0.0,-1.149297573640667,1,0.0,-1.2867449208916935,1,0.0,-2.3073590778702897,1,0.0,-1.6580250027264571,-0.18423888297189706,-2.3073590778702897
GOOGL,15m,3,2025-06-23 13:30:00,162.91,2025-06-23 15:45:00,165.15,9,1,100.0,0.31395374437366697,1,100.0,0.49655977330506135,1,100.0,0.4311782460119507,1,0.0,-0.04226001750145731,1,0.0,-0.012332689932331902,1,0.0,-0.22186965954558877,1,0.0,-0.25180612244059,1,100.0,0.5025434117537112,1,100.0,1.7065793621843368,1,100.0,1.9004949245499732,1,100.0,3.5678563327494945,1,100.0,5.184324840494926,5.184324840494926,-0.25180612244059
GOOGL,30m,1,2025-06-03 12:00:00,167.55,2025-06-23 15:30:00,165.15,176,1,100.0,0.34926149843673787,1,0.0,-0.33116641611003267,1,0.0,-0.18799032937603202,1,0.0,-0.2566277906223215,1,100.0,0.30139649958965054,1,100.0,1.2652624324234734,1,100.0,1.4212699086885903,1,100.0,3.0646712960450175,1,100.0,4.69994947583455,1,100.0,6.5799347302093345,1,100.0,6.0965128126296575,1,100.0,3.8106950223679625,6.5799347302093345,-0.33116641611003267
GOOGL,1h,2,2025-04-07 11:30:00,145.69,2025-06-23 15:30:00,165.15,368,2,0.0,-1.413726422962629,2,50.0,1.873356298307466,2,50.0,0.24687771211356885,2,50.0,1.2076561895208648,2,100.0,5.785632928689303,2,100.0,3.246625530080919,2,100.0,5.707424087047633,2,100.0,7.3893436063291045,2,100.0,5.886874662508326,2,100.0,3.0297982657133864,2,100.0,5.549469984890011,2,100.0,8.731528931959499,9.376074839179969,-2.827452845925258
GOOGL,2h,0,,,2025-06-23 15:30:00,165.15,0,0,0.0,0.0,0,0.0,0.0,0,0.0,0.0,0,0.0,0.0,0,0.0,0.0,0,0.0,0.0,0,0.0,0.0,0,0.0,0.0,0,0.0,0.0,0,0.0,0.0,0,0.0,0.0,0,0.0,0.0,0.0,0.0
GOOGL,3h,0,,,2025-06-23 15:30:00,165.15,0,0,0.0,0.0,0,0.0,0.0,0,0.0,0.0,0,0.0,0.0,0,0.0,0.0,0,0.0,0.0,0,0.0,0.0,0,0.0,0.0,0,0.0,0.0,0,0.0,0.0,0,0.0,0.0,0,0.0,0.0,0.0,0.0
GOOGL,4h,0,,,2025-06-23 13:30:00,165.15,0,0,0.0,0.0,0,0.0,0.0,0,0.0,0.0,0,0.0,0.0,0,0.0,0.0,0,0.0,0.0,0,0.0,0.0,0,0.0,0.0,0,0.0,0.0,0,0.0,0.0,0,0.0,0.0,0,0.0,0.0,0.0,0.0
GOOGL,1d,1,2024-09-12 00:00:00,154.15,2025-06-23 00:00:00,165.19,193,1,100.0,2.9930768103833985,1,100.0,4.816081122281307,1,100.0,5.197490071548206,1,100.0,7.2208946891196835,1,100.0,4.777287899365292,1,100.0,5.326767818749826,1,100.0,5.191026184188123,1,100.0,16.846593046322216,1,100.0,8.365121536920379,1,100.0,12.942019029367627,1,100.0,26.520171684015885,1,100.0,24.00258159544182,26.520171684015885,2.9930768103833985
GOOGL,1w,2,2025-05-18 00:00:00,165.99,2025-06-29 00:00:00,165.19,0,0,0.0,0.0,0,0.0,0.0,0,0.0,0.0,0,0.0,0.0,0,0.0,0.0,0,0.0,0.0,0,0.0,0.0,0,0.0,0.0,0,0.0,0.0,0,0.0,0.0,0,0.0,0.0,0,0.0,0.0,0.0,0.0
HIMS,5m,13,2025-06-13 15:55:00,55.52,2025-06-23 15:55:00,41.98,390,13,61.53846153846154,1.3482056222818657,13,53.84615384615385,1.3149309389249046,13,46.15384615384615,0.32455462043538574,13,38.46153846153847,0.09905793543861002,13,30.76923076923077,-0.2812172202098614,13,61.53846153846154,0.5124962878692909,13,69.23076923076923,0.9699797046439772,13,53.84615384615385,0.6250744973946868,13,46.15384615384615,0.6185165122984526,13,53.84615384615385,-0.0007317312820402933,13,69.23076923076923,2.324523148079948,13,61.53846153846154,2.7897184676792204,16.257639787004237,-8.330856502680156
HIMS,10m,4,2025-06-05 13:00:00,53.32,2025-06-23 15:50:00,41.98,446,4,25.0,-0.24299109480147724,4,50.0,-0.4758117626307236,4,75.0,1.2713292060608639,4,0.0,-2.300777269243997,4,50.0,-0.492117500417925,4,75.0,0.9122669914678451,4,25.0,-2.2241488746796154,4,50.0,-0.16986376388124924,4,50.0,-0.711110148089273,4,50.0,-0.2862444131690993,4,50.0,-0.14137150581309732,4,50.0,0.5748961256984626,6.348466158297918,-8.30293348034639
HIMS,15m,1,2025-06-05 13:15:00,53.95,2025-06-23 15:45:00,41.98,296,1,100.0,0.585172431031229,1,100.0,0.3799777821286774,1,0.0,-2.2428156948310107,1,100.0,4.285633779592805,1,100.0,2.0759942836815313,1,100.0,3.54958459396879,1,100.0,4.9675630533388,1,100.0,3.3178885824167983,1,100.0,3.892490165753013,1,100.0,4.911951202421552,1,0.0,-0.16682141114947963,1,100.0,3.8646877756949554,4.9675630533388,-2.2428156948310107
HIMS,30m,0,,,2025-06-23 15:30:00,41.98,0,0,0.0,0.0,0,0.0,0.0,0,0.0,0.0,0,0.0,0.0,0,0.0,0.0,0,0.0,0.0,0,0.0,0.0,0,0.0,0.0,0,0.0,0.0,0,0.0,0.0,0,0.0,0.0,0,0.0,0.0,0.0,0.0
HIMS,1h,4,2025-05-28 12:30:00,53.27,2025-06-23 15:30:00,41.98,122,4,75.0,1.1864673643003203,4,50.0,0.06576172159459213,4,75.0,2.068713164743297,4,75.0,3.818472508608007,4,100.0,7.221697898890509,4,100.0,6.026128683535973,4,75.0,10.072826575206316,4,100.0,15.808158112950714,4,100.0,20.591149528960713,4,100.0,28.886403132838932,4,100.0,47.99161722720408,4,100.0,64.53257357045806,120.04637356413406,-5.3364232177608715
HIMS,2h,3,2025-04-23 09:30:00,27.08,2025-06-23 15:30:00,41.98,167,3,33.33333333333333,-0.2680075680485738,3,66.66666666666666,1.9715636880765086,3,100.0,6.379630488684455,3,100.0,4.2654134821523435,3,100.0,17.557465792730078,3,100.0,21.41460172141827,3,66.66666666666666,29.515963752928844,3,66.66666666666666,53.9900836285589,3,100.0,64.80037773221888,3,100.0,93.81920229007402,3,100.0,112.68503745218533,3,100.0,106.22298840708974,135.58059021438365,-3.1321607534974127
HIMS,3h,3,2025-04-23 09:30:00,27.05,2025-06-23 15:30:00,41.98,125,3,66.66666666666666,1.6197499600243248,3,66.66666666666666,0.20634921651078195,3,66.66666666666666,3.114394471016528,3,100.0,19.030831771082223,3,100.0,22.242115665920576,3,66.66666666666666,36.822611187986396,3,66.66666666666666,52.28550633614867,3,100.0,67.69568883915461,3,100.0,89.74647790124637,3,100.0,109.6794587469771,3,100.0,110.42903811103236,3,100.0,105.94485230907412,133.53033685816865,-4.697894741022427
HIMS,4h,0,,,2025-06-23 13:30:00,41.98,0,0,0.0,0.0,0,0.0,0.0,0,0.0,0.0,0,0.0,0.0,0,0.0,0.0,0,0.0,0.0,0,0.0,0.0,0,0.0,0.0,0,0.0,0.0,0,0.0,0.0,0,0.0,0.0,0,0.0,0.0,0.0,0.0
HIMS,1d,3,2025-04-02 00:00:00,31.22,2025-06-23 00:00:00,41.98,55,2,50.0,4.824086986922889,2,50.0,1.9550996841315653,2,50.0,-3.504916527363987,2,50.0,1.5387551871694853,2,50.0,0.819441458869278,2,50.0,11.045097440639093,2,50.0,13.258562477728013,2,50.0,6.840130291695388,2,50.0,22.582180618745596,2,50.0,65.82370804577171,2,100.0,52.244049386236725,2,100.0,110.08616585616105,188.024771116519,-35.83662993868842
HIMS,1w,0,,,2025-06-29 00:00:00,41.98,0,0,0.0,0.0,0,0.0,0.0,0,0.0,0.0,0,0.0,0.0,0,0.0,0.0,0,0.0,0.0,0,0.0,0.0,0,0.0,0.0,0,0.0,0.0,0,0.0,0.0,0,0.0,0.0,0,0.0,0.0,0.0,0.0
HOLO,5m,23,2025-06-23 09:55:00,4.6,2025-06-23 15:55:00,4.54,72,22,50.0,-0.06685596840038685,22,22.727272727272727,-0.6545087779666647,22,36.36363636363637,-0.13097455498756297,22,40.909090909090914,0.945452733119028,22,36.36363636363637,-0.030358557250567374,22,45.45454545454545,1.2908842788102641,22,50.0,0.12072069156482122,22,40.909090909090914,-1.1778172472862396,22,40.909090909090914,-2.244758871268964,22,40.909090909090914,-2.0791672319559016,22,50.0,-0.9247113065319813,22,63.63636363636363,0.4990936690127286,34.63537911574896,-19.089978438728412
HOLO,10m,18,2025-06-18 15:30:00,4.33,2025-06-23 15:50:00,4.54,80,15,20.0,-1.1701432841459325,15,33.33333333333333,-0.3418608086218213,15,53.333333333333336,1.551452631553223,15,53.333333333333336,0.11211231180459746,15,46.666666666666664,-0.34226589280748276,15,53.333333333333336,-0.7221364160352237,15,33.33333333333333,-1.476726886432671,15,53.333333333333336,0.25033573803244585,15,66.66666666666666,0.7851552962166132,15,33.33333333333333,-2.958566844645276,15,46.666666666666664,-1.8350495259615807,15,33.33333333333333,-3.843406557699828,26.63043107375004,-11.996569060647966
HOLO,15m,12,2025-06-18 15:30:00,4.36,2025-06-23 15:45:00,4.54,53,7,42.857142857142854,-0.19193351836905695,7,42.857142857142854,-0.3282575848387242,7,42.857142857142854,-1.578685935071238,7,42.857142857142854,-1.4015003571039173,7,42.857142857142854,-2.012207958161078,7,28.57142857142857,-3.0731786310236413,7,42.857142857142854,-3.1311205897058043,7,28.57142857142857,-3.6296573307229916,7,28.57142857142857,-2.5660498984695663,7,14.285714285714285,-6.633546823393408,7,0.0,-8.88912123577599,7,0.0,-7.760224283151492,8.61638603668666,-11.82447506002195
HOLO,30m,4,2025-06-18 14:00:00,4.32,2025-06-23 15:30:00,4.54,29,3,100.0,3.2318066971002217,3,100.0,3.907671680059666,3,66.66666666666666,1.8169827358989732,3,33.33333333333333,-0.42628741719862423,3,0.0,-2.8200915781564295,3,0.0,-1.7627161426123106,3,66.66666666666666,-1.4836470203925316,3,33.33333333333333,-4.04652588537087,3,0.0,-5.156467969356492,3,0.0,-10.246058811163854,3,0.0,-6.647860435408957,3,0.0,-8.812152855435192,7.1428499874379465,-12.34845057907204
HOLO,1h,13,2025-06-16 09:30:00,4.41,2025-06-23 15:30:00,4.54,34,11,18.181818181818183,-3.9856938018310326,11,27.27272727272727,-3.9903997678458563,11,27.27272727272727,2.1690464539275967,11,27.27272727272727,-4.494011411976581,11,27.27272727272727,-9.638863857434485,11,18.181818181818183,-12.005868805968742,11,0.0,-14.901130404993033,11,0.0,-19.39748068481389,11,0.0,-21.07548381192582,11,27.27272727272727,-12.314360806893752,11,0.0,-30.560598748098325,11,0.0,-34.05761675051219,76.99326559837483,-57.036142321282945
HOLO,2h,11,2025-06-16 13:30:00,4.33,2025-06-23 15:30:00,4.54,17,5,20.0,-3.858501647177584,5,0.0,-10.043173070050427,5,20.0,-8.091513358672538,5,0.0,-14.110913176784033,5,0.0,-15.969986671874551,5,0.0,-22.53929677164076,5,0.0,-28.767835214620494,5,0.0,-33.357248782392155,5,0.0,-39.08925535196838,5,0.0,-42.41728571083301,5,0.0,-47.25658188826653,5,0.0,-43.83924541909853,4.933466911560083,-67.73336124261957
HOLO,3h,9,2025-06-16 12:30:00,4.33,2025-06-23 15:30:00,4.54,13,2,0.0,-9.544571391821748,2,0.0,-12.954448659349557,2,0.0,-20.380354961035092,2,0.0,-25.660858930709658,2,0.0,-32.34867742346131,2,0.0,-38.66278100463316,2,0.0,-46.313925723918146,2,0.0,-51.92149274739037,2,0.0,-57.17481336930358,2,0.0,-59.57800455745131,2,0.0,-63.76117081186989,2,0.0,-67.66809707094022,-2.6475066142217942,-73.02158326511278
HOLO,4h,3,2025-06-10 13:30:00,4.85,2025-06-23 13:30:00,4.54,0,0,0.0,0.0,0,0.0,0.0,0,0.0,0.0,0,0.0,0.0,0,0.0,0.0,0,0.0,0.0,0,0.0,0.0,0,0.0,0.0,0,0.0,0.0,0,0.0,0.0,0,0.0,0.0,0,0.0,0.0,0.0,0.0
HOLO,1d,10,2025-04-29 00:00:00,11.14,2025-06-23 00:00:00,4.52,37,5,0.0,-11.879183816706528,5,40.0,5.115944078738285,5,40.0,-8.95653814193754,5,40.0,-14.36636408885827,5,20.0,-26.699177377058266,5,0.0,-39.74537671952372,5,0.0,-46.959086808532525,5,60.0,-8.230372454397576,5,0.0,-49.81114490376974,5,0.0,-62.8372736955622,5,0.0,-71.94208954469278,5,0.0,-70.93672534566747,55.03144786118437,-94.20512822958139
HOLO,1w,0,,,2025-06-29 00:00:00,4.52,0,0,0.0,0.0,0,0.0,0.0,0,0.0,0.0,0,0.0,0.0,0,0.0,0.0,0,0.0,0.0,0,0.0,0.0,0,0.0,0.0,0,0.0,0.0,0,0.0,0.0,0,0.0,0.0,0,0.0,0.0,0.0,0.0
INTC,5m,12,2025-06-23 13:00:00,20.92,2025-06-23 15:55:00,21.18,35,10,30.0,-0.10418105121204144,10,40.0,-0.09771198904510159,10,30.0,-0.12517187304133107,10,60.0,-0.10495691055990919,10,40.0,-0.09134602285029629,10,60.0,-0.023668607111450857,10,40.0,0.12859130163997037,10,40.0,0.21126064036562758,10,40.0,-0.027511041643430722,10,40.0,-0.12888189888933677,10,40.0,-0.8384303790969494,10,30.0,-0.6274747914993218,4.158416439909361,-3.8309338282416014
INTC,10m,6,2025-06-23 09:30:00,21.34,2025-06-23 15:50:00,21.18,38,5,80.0,0.5037552180087751,5,80.0,0.9965299386572475,5,80.0,1.2089465762494254,5,80.0,0.9968692404827829,5,60.0,0.7498625519008175,5,60.0,0.93270278286485,5,80.0,1.0939423786584435,5,80.0,0.9139737785517733,5,60.0,0.7633476208501337,5,80.0,1.4154823500864087,5,60.0,1.0202852135977334,5,80.0,2.7249899959741315,6.226835635662206,-3.689026705336874
INTC,15m,2,2025-06-16 09:30:00,20.4,2025-06-23 15:45:00,21.18,129,2,100.0,1.151854655163164,2,100.0,1.4457185334317233,2,50.0,0.9192532468501455,2,50.0,0.45960232191148676,2,100.0,1.4207239217815244,2,100.0,1.738850365132648,2,100.0,2.202254296788082,2,100.0,2.6584566251486947,2,100.0,2.212064292678885,2,100.0,4.840490006549,2,100.0,5.890060738678136,2,100.0,3.7470215246509126,6.176501855045846,-1.18913646620138
INTC,30m,1,2025-06-13 11:30:00,20.47,2025-06-23 15:30:00,21.18,0,0,0.0,0.0,0,0.0,0.0,0,0.0,0.0,0,0.0,0.0,0,0.0,0.0,0,0.0,0.0,0,0.0,0.0,0,0.0,0.0,0,0.0,0.0,0,0.0,0.0,0,0.0,0.0,0,0.0,0.0,0.0,0.0
INTC,1h,4,2025-06-02 12:30:00,19.65,2025-06-23 15:30:00,21.18,101,4,50.0,0.2754630253681952,4,50.0,1.0227557886100602,4,50.0,-2.702883625482645,4,50.0,-4.083184940497832,4,50.0,-3.925660482029186,4,50.0,-3.3658013859207574,4,50.0,-2.655093263293487,4,50.0,-2.8971634972811833,4,25.0,-5.583978701457622,4,50.0,-3.490930073724776,4,50.0,-3.51778317270832,4,50.0,-1.3715710711193276,13.38997543400487,-16.985766633305737
INTC,2h,1,2025-06-02 13:30:00,19.75,2025-06-23 15:30:00,21.18,0,0,0.0,0.0,0,0.0,0.0,0,0.0,0.0,0,0.0,0.0,0,0.0,0.0,0,0.0,0.0,0,0.0,0.0,0,0.0,0.0,0,0.0,0.0,0,0.0,0.0,0,0.0,0.0,0,0.0,0.0,0.0,0.0
INTC,3h,0,,,2025-06-23 15:30:00,21.18,0,0,0.0,0.0,0,0.0,0.0,0,0.0,0.0,0,0.0,0.0,0,0.0,0.0,0,0.0,0.0,0,0.0,0.0,0,0.0,0.0,0,0.0,0.0,0,0.0,0.0,0,0.0,0.0,0,0.0,0.0,0.0,0.0
INTC,4h,0,,,2025-06-23 13:30:00,21.18,0,0,0.0,0.0,0,0.0,0.0,0,0.0,0.0,0,0.0,0.0,0,0.0,0.0,0,0.0,0.0,0,0.0,0.0,0,0.0,0.0,0,0.0,0.0,0,0.0,0.0,0,0.0,0.0,0,0.0,0.0,0.0,0.0
INTC,1d,0,,,2025-06-23 00:00:00,21.19,0,0,0.0,0.0,0,0.0,0.0,0,0.0,0.0,0,0.0,0.0,0,0.0,0.0,0,0.0,0.0,0,0.0,0.0,0,0.0,0.0,0,0.0,0.0,0,0.0,0.0,0,0.0,0.0,0,0.0,0.0,0.0,0.0
INTC,1w,1,2025-05-04 00:00:00,20.62,2025-06-29 00:00:00,21.19,0,0,0.0,0.0,0,0.0,0.0,0,0.0,0.0,0,0.0,0.0,0,0.0,0.0,0,0.0,0.0,0,0.0,0.0,0,0.0,0.0,0,0.0,0.0,0,0.0,0.0,0,0.0,0.0,0,0.0,0.0,0.0,0.0
JD,5m,15,2025-06-23 13:00:00,31.33,2025-06-23 15:55:00,31.59,35,11,54.54545454545454,-0.00753822586282253,11,27.27272727272727,-0.12737576426833874,11,36.36363636363637,-0.12171176295112014,11,18.181818181818183,-0.10274794462079694,11,27.27272727272727,-0.09810944123116387,11,36.36363636363637,0.15759085632440203,11,45.45454545454545,0.24466722741399405,11,45.45454545454545,0.05581212727421163,11,45.45454545454545,0.007628094558880371,11,45.45454545454545,0.06935307841442553,11,45.45454545454545,-0.1400686577296302,11,63.63636363636363,-0.005428778684305327,3.7034448404252,-4.618624399645745
JD,10m,1,2025-06-23 13:00:00,31.35,2025-06-23 15:50:00,31.59,0,0,0.0,0.0,0,0.0,0.0,0,0.0,0.0,0,0.0,0.0,0,0.0,0.0,0,0.0,0.0,0,0.0,0.0,0,0.0,0.0,0,0.0,0.0,0,0.0,0.0,0,0.0,0.0,0,0.0,0.0,0.0,0.0
JD,15m,1,2025-06-23 13:15:00,31.42,2025-06-23 15:45:00,31.59,0,0,0.0,0.0,0,0.0,0.0,0,0.0,0.0,0,0.0,0.0,0,0.0,0.0,0,0.0,0.0,0,0.0,0.0,0,0.0,0.0,0,0.0,0.0,0,0.0,0.0,0,0.0,0.0,0,0.0,0.0,0.0,0.0
JD,30m,0,,,2025-06-23 15:30:00,31.59,0,0,0.0,0.0,0,0.0,0.0,0,0.0,0.0,0,0.0,0.0,0,0.0,0.0,0,0.0,0.0,0,0.0,0.0,0,0.0,0.0,0,0.0,0.0,0,0.0,0.0,0,0.0,0.0,0,0.0,0.0,0.0,0.0
JD,1h,5,2025-05-29 09:30:00,32.56,2025-06-23 15:30:00,31.59,118,5,60.0,1.096543925465438,5,80.0,1.6595962757731946,5,60.0,2.6160643529851404,5,100.0,3.1137455328054395,5,80.0,3.3447989750236014,5,60.0,3.834187260224322,5,100.0,4.4550326111122445,5,100.0,4.813842031236723,5,100.0,3.9804363270371645,5,100.0,5.9621019557542905,5,80.0,4.886018722122717,5,60.0,2.270841755491019,16.898367010185844,-3.55535946051737
JD,2h,2,2025-06-23 15:30:00,31.59,2025-06-23 15:30:00,31.59,0,1,0.0,-0.43070107690525666,1,100.0,0.5845212135536818,1,100.0,1.1228975596852526,1,100.0,1.1844279614894557,1,100.0,5.999079215081908,1,100.0,5.15305085992932,1,100.0,4.753109116064082,1,100.0,4.4608543771493245,1,100.0,14.52083448979115,1,100.0,3.3994754835441086,1,100.0,3.0456786071009816,1,100.0,0.5229908117494784,14.52083448979115,-0.43070107690525666
JD,3h,2,2025-05-29 09:30:00,32.89,2025-06-23 15:30:00,31.59,50,1,100.0,0.537797271471622,1,100.0,1.1524277487683123,1,100.0,0.6392138206923523,1,100.0,5.900424446605142,1,100.0,4.51750880346291,1,100.0,4.394592086484601,1,100.0,4.041175752031085,1,100.0,4.5943420092879785,1,100.0,4.317758880659532,1,100.0,2.4738791718707467,1,100.0,2.1204628374172323,1,100.0,1.173013514625624,5.900424446605142,0.537797271471622
JD,4h,3,2025-06-02 09:30:00,32.67,2025-06-23 13:30:00,31.59,0,0,0.0,0.0,0,0.0,0.0,0,0.0,0.0,0,0.0,0.0,0,0.0,0.0,0,0.0,0.0,0,0.0,0.0,0,0.0,0.0,0,0.0,0.0,0,0.0,0.0,0,0.0,0.0,0,0.0,0.0,0.0,0.0
JD,1d,6,2025-06-04 00:00:00,33.33,2025-06-23 00:00:00,31.59,12,3,100.0,4.317945246392505,3,66.66666666666666,4.131425690714041,3,66.66666666666666,5.700198237681692,3,100.0,6.213307879587586,3,100.0,4.892883423406613,3,100.0,6.5730596640824706,3,66.66666666666666,10.45242179982713,3,100.0,35.97826567345137,3,100.0,51.912423498708826,3,100.0,37.64585878641616,3,100.0,25.831630337453287,3,100.0,24.482972680610956,80.7929278488851,-4.1397668836696635
JD,1w,0,,,2025-06-29 00:00:00,31.59,0,0,0.0,0.0,0,0.0,0.0,0,0.0,0.0,0,0.0,0.0,0,0.0,0.0,0,0.0,0.0,0,0.0,0.0,0,0.0,0.0,0,0.0,0.0,0,0.0,0.0,0,0.0,0.0,0,0.0,0.0,0.0,0.0
LI,5m,11,2025-06-18 10:10:00,26.4,2025-06-23 15:55:00,28.08,225,11,54.54545454545454,-0.31196366815854043,11,45.45454545454545,-0.39306224687647867,11,36.36363636363637,-0.40258480589628376,11,45.45454545454545,-0.06910323770399987,11,45.45454545454545,-0.1428281204504838,11,63.63636363636363,0.13660730258956602,11,63.63636363636363,0.11099573818834668,11,27.27272727272727,-0.6505396188635837,11,36.36363636363637,-0.5212903563881631,11,36.36363636363637,-0.5932379917414247,11,27.27272727272727,-1.002351163421238,11,27.27272727272727,-0.5834236102739051,3.34809453340036,-3.8940810791539797
LI,10m,7,2025-06-20 11:10:00,26.0,2025-06-23 15:50:00,28.08,67,6,16.666666666666664,-0.6875260263643809,6,33.33333333333333,-0.78516753707926,6,33.33333333333333,-0.8775965110774647,6,16.666666666666664,-0.9623001181389738,6,33.33333333333333,-0.9892163412305407,6,33.33333333333333,-1.3226418779425082,6,33.33333333333333,-1.311193051264296,6,33.33333333333333,-1.0606302182477971,6,33.33333333333333,-0.5792470712497124,6,33.33333333333333,-0.6980830245288319,6,33.33333333333333,-1.2345357705928088,6,16.666666666666664,-2.3845552436696518,5.996969603372522,-6.769390514255681
LI,15m,2,2025-06-20 11:15:00,25.99,2025-06-23 15:45:00,28.08,0,0,0.0,0.0,0,0.0,0.0,0,0.0,0.0,0,0.0,0.0,0,0.0,0.0,0,0.0,0.0,0,0.0,0.0,0,0.0,0.0,0,0.0,0.0,0,0.0,0.0,0,0.0,0.0,0,0.0,0.0,0.0,0.0
LI,30m,0,,,2025-06-23 15:30:00,28.08,0,0,0.0,0.0,0,0.0,0.0,0,0.0,0.0,0,0.0,0.0,0,0.0,0.0,0,0.0,0.0,0,0.0,0.0,0,0.0,0.0,0,0.0,0.0,0,0.0,0.0,0,0.0,0.0,0,0.0,0.0,0.0,0.0
LI,1h,1,2025-06-03 09:30:00,29.53,2025-06-23 15:30:00,28.08,0,0,0.0,0.0,0,0.0,0.0,0,0.0,0.0,0,0.0,0.0,0,0.0,0.0,0,0.0,0.0,0,0.0,0.0,0,0.0,0.0,0,0.0,0.0,0,0.0,0.0,0,0.0,0.0,0,0.0,0.0,0.0,0.0
LI,2h,0,,,2025-06-23 15:30:00,28.08,0,0,0.0,0.0,0,0.0,0.0,0,0.0,0.0,0,0.0,0.0,0,0.0,0.0,0,0.0,0.0,0,0.0,0.0,0,0.0,0.0,0,0.0,0.0,0,0.0,0.0,0,0.0,0.0,0,0.0,0.0,0.0,0.0
LI,3h,0,,,2025-06-23 15:30:00,28.08,0,0,0.0,0.0,0,0.0,0.0,0,0.0,0.0,0,0.0,0.0,0,0.0,0.0,0,0.0,0.0,0,0.0,0.0,0,0.0,0.0,0,0.0,0.0,0,0.0,0.0,0,0.0,0.0,0,0.0,0.0,0.0,0.0
LI,4h,0,,,2025-06-23 13:30:00,28.08,0,0,0.0,0.0,0,0.0,0.0,0,0.0,0.0,0,0.0,0.0,0,0.0,0.0,0,0.0,0.0,0,0.0,0.0,0,0.0,0.0,0,0.0,0.0,0,0.0,0.0,0,0.0,0.0,0,0.0,0.0,0.0,0.0
LI,1d,2,2025-01-23 00:00:00,22.79,2025-06-23 00:00:00,28.08,103,2,100.0,1.4957678505542706,2,100.0,5.153643354873154,2,100.0,5.084611764698501,2,100.0,13.653941538001298,2,100.0,16.97435612985663,2,100.0,33.46684061431691,2,100.0,24.91218699719094,2,100.0,19.053383491933193,2,100.0,7.3650747614889855,2,100.0,2.8028169918129913,2,100.0,25.744339463251684,2,100.0,23.004826513109876,34.83983461053432,0.88535087024575
LI,1w,0,,,2025-06-29 00:00:00,28.08,0,0,0.0,0.0,0,0.0,0.0,0,0.0,0.0,0,0.0,0.0,0,0.0,0.0,0,0.0,0.0,0,0.0,0.0,0,0.0,0.0,0,0.0,0.0,0,0.0,0.0,0,0.0,0.0,0,0.0,0.0,0.0,0.0
LLY,5m,6,2025-06-17 14:55:00,792.89,2025-06-23 15:55:00,770.48,246,6,33.33333333333333,-0.04196866744028064,6,66.66666666666666,-0.07533977052217494,6,66.66666666666666,0.02916987715391198,6,33.33333333333333,-0.34589703768264024,6,33.33333333333333,-0.5583462126437236,6,33.33333333333333,-0.16015687240780072,6,33.33333333333333,-0.08939952067352393,6,33.33333333333333,-0.3463644506638713,6,33.33333333333333,-0.5813868345276964,6,33.33333333333333,-0.4400767985528704,6,33.33333333333333,-0.5739588594826218,6,33.33333333333333,-1.9618621994433747,1.289522096909689,-4.632050133737446
LLY,10m,3,2025-06-18 10:00:00,786.37,2025-06-23 15:50:00,770.48,113,3,100.0,0.23433170061598219,3,66.66666666666666,0.21041058977638172,3,33.33333333333333,0.13973877709439564,3,33.33333333333333,0.1308129146892986,3,33.33333333333333,-0.036474722038590035,3,33.33333333333333,-0.4469359775305857,3,33.33333333333333,-0.20671397411028347,3,33.33333333333333,-1.395783933953427,3,33.33333333333333,-1.267194967276728,3,33.33333333333333,-0.7218962171522062,3,33.33333333333333,-0.7234446829181156,3,33.33333333333333,-0.8002122762337138,3.624989010985274,-4.468201237727347
LLY,15m,1,2025-06-18 10:00:00,786.86,2025-06-23 15:45:00,770.48,0,0,0.0,0.0,0,0.0,0.0,0,0.0,0.0,0,0.0,0.0,0,0.0,0.0,0,0.0,0.0,0,0.0,0.0,0,0.0,0.0,0,0.0,0.0,0,0.0,0.0,0,0.0,0.0,0,0.0,0.0,0.0,0.0
LLY,30m,0,,,2025-06-23 15:30:00,770.48,0,0,0.0,0.0,0,0.0,0.0,0,0.0,0.0,0,0.0,0.0,0,0.0,0.0,0,0.0,0.0,0,0.0,0.0,0,0.0,0.0,0,0.0,0.0,0,0.0,0.0,0,0.0,0.0,0,0.0,0.0,0.0,0.0
LLY,1h,6,2025-05-23 12:30:00,714.17,2025-06-23 15:30:00,770.48,136,6,66.66666666666666,1.3588009469835338,6,66.66666666666666,-0.27347503579177235,6,33.33333333333333,0.34485587820650937,6,50.0,-0.918533223281405,6,50.0,-0.839655950796974,6,50.0,-1.5344720501303344,6,50.0,-1.69275116892082,6,33.33333333333333,-0.5033866287660466,6,50.0,-0.2913487617929961,6,50.0,0.48578048715190886,6,66.66666666666666,4.909796198776621,6,66.66666666666666,6.301853067083582,23.94796511096347,-11.665453907097923
LLY,2h,2,2025-05-27 09:30:00,724.08,2025-06-23 15:30:00,770.48,75,1,100.0,1.7923557097133695,1,100.0,2.757320292184241,1,100.0,2.6566964642891646,1,100.0,0.5000566029780802,1,0.0,-2.3460025516157743,1,0.0,-2.915078269801332,1,0.0,-1.3955040968272785,1,100.0,0.17981819986594555,1,100.0,2.1263713772849093,1,100.0,4.2898168752566646,1,100.0,11.435561078265154,1,100.0,4.512825969247154,11.435561078265154,-2.915078269801332
LLY,3h,2,2025-05-27 09:30:00,725.47,2025-06-23 15:30:00,770.48,0,0,0.0,0.0,0,0.0,0.0,0,0.0,0.0,0,0.0,0.0,0,0.0,0.0,0,0.0,0.0,0,0.0,0.0,0,0.0,0.0,0,0.0,0.0,0,0.0,0.0,0,0.0,0.0,0,0.0,0.0,0.0,0.0
LLY,4h,1,2025-05-27 09:30:00,727.28,2025-06-23 13:30:00,770.48,0,0,0.0,0.0,0,0.0,0.0,0,0.0,0.0,0,0.0,0.0,0,0.0,0.0,0,0.0,0.0,0,0.0,0.0,0,0.0,0.0,0,0.0,0.0,0,0.0,0.0,0,0.0,0.0,0,0.0,0.0,0.0,0.0
LLY,1d,4,2025-05-29 00:00:00,722.57,2025-06-23 00:00:00,770.64,16,1,100.0,7.1871900323798465,1,100.0,6.644746951037924,1,100.0,11.697925582012896,1,100.0,15.781585829995931,1,100.0,16.001059257906793,1,100.0,20.25782805487957,1,100.0,21.26755208471723,1,100.0,11.942247204760907,1,100.0,4.836996085637377,1,100.0,11.595485689170534,1,100.0,0.8316507172620767,1,100.0,7.5134668196561405,21.26755208471723,0.8316507172620767
LLY,1w,2,2025-06-29 00:00:00,770.64,2025-06-29 00:00:00,770.64,0,0,0.0,0.0,0,0.0,0.0,0,0.0,0.0,0,0.0,0.0,0,0.0,0.0,0,0.0,0.0,0,0.0,0.0,0,0.0,0.0,0,0.0,0.0,0,0.0,0.0,0,0.0,0.0,0,0.0,0.0,0.0,0.0
LULU,5m,22,2025-06-20 11:10:00,227.55,2025-06-23 15:55:00,225.5,135,22,63.63636363636363,0.05940016579660012,22,50.0,0.06097954470787707,22,54.54545454545454,0.014359247150760191,22,54.54545454545454,0.0573918611003156,22,50.0,-0.01232221639995821,22,40.909090909090914,-0.15216602023880246,22,50.0,-0.17054339425829435,22,40.909090909090914,-0.5333770034184364,22,22.727272727272727,-0.7503383195458312,22,18.181818181818183,-1.1039511991355964,22,13.636363636363635,-2.5593141173012723,22,0.0,-3.071343904559097,1.4248045107050142,-21.14255093872329
LULU,10m,13,2025-06-18 14:10:00,231.43,2025-06-23 15:50:00,225.5,88,12,41.66666666666667,0.0021226765337969944,12,33.33333333333333,-0.12020556952181165,12,33.33333333333333,-0.27438084767530596,12,33.33333333333333,-0.5114096422135295,12,16.666666666666664,-2.4406924581994023,12,16.666666666666664,-2.893232245768658,12,25.0,-3.0220836784910836,12,0.0,-3.6953931769299295,12,0.0,-4.048606944669275,12,0.0,-4.404686220473544,12,0.0,-5.0955627469504545,12,0.0,-5.761864353738666,1.3831158354109923,-23.1550696126004
LULU,15m,12,2025-06-23 13:00:00,223.31,2025-06-23 15:45:00,225.5,11,5,20.0,-0.3097531137643917,5,20.0,-0.1771341182322766,5,20.0,-0.5201908197463514,5,20.0,-0.7360206264887666,5,20.0,-1.452740922656365,5,0.0,-1.845673798384923,5,0.0,-2.3336568506862703,5,0.0,-3.018838835372385,5,0.0,-3.47257001205545,5,0.0,-3.8451435398677942,5,0.0,-6.047892800387966,5,0.0,-6.539360289022513,0.6344773590281511,-7.776981750746334
LULU,30m,7,2025-06-23 13:00:00,223.83,2025-06-23 15:30:00,225.5,0,0,0.0,0.0,0,0.0,0.0,0,0.0,0.0,0,0.0,0.0,0,0.0,0.0,0,0.0,0.0,0,0.0,0.0,0,0.0,0.0,0,0.0,0.0,0,0.0,0.0,0,0.0,0.0,0,0.0,0.0,0.0,0.0
LULU,1h,5,2025-06-23 13:30:00,225.4,2025-06-23 15:30:00,225.5,2,3,100.0,1.2838348276134124,3,100.0,2.791784109001352,3,100.0,2.330600331357139,3,66.66666666666666,2.757354703385649,3,33.33333333333333,-0.8542091073933943,3,100.0,5.980838791783093,3,33.33333333333333,1.1000413213773503,3,66.66666666666666,3.218710418453211,3,66.66666666666666,2.307421641046918,3,33.33333333333333,0.32096613941763685,3,100.0,4.465867221112357,3,100.0,6.8117409085981935,12.625878122649198,-6.448597250627275
LULU,2h,0,,,2025-06-23 15:30:00,225.5,0,0,0.0,0.0,0,0.0,0.0,0,0.0,0.0,0,0.0,0.0,0,0.0,0.0,0,0.0,0.0,0,0.0,0.0,0,0.0,0.0,0,0.0,0.0,0,0.0,0.0,0,0.0,0.0,0,0.0,0.0,0.0,0.0
LULU,3h,0,,,2025-06-23 15:30:00,225.5,0,0,0.0,0.0,0,0.0,0.0,0,0.0,0.0,0,0.0,0.0,0,0.0,0.0,0,0.0,0.0,0,0.0,0.0,0,0.0,0.0,0,0.0,0.0,0,0.0,0.0,0,0.0,0.0,0,0.0,0.0,0.0,0.0
LULU,4h,2,2025-06-23 13:30:00,225.5,2025-06-23 13:30:00,225.5,0,0,0.0,0.0,0,0.0,0.0,0,0.0,0.0,0,0.0,0.0,0,0.0,0.0,0,0.0,0.0,0,0.0,0.0,0,0.0,0.0,0,0.0,0.0,0,0.0,0.0,0,0.0,0.0,0,0.0,0.0,0.0,0.0
LULU,1d,0,,,2025-06-23 00:00:00,225.56,0,0,0.0,0.0,0,0.0,0.0,0,0.0,0.0,0,0.0,0.0,0,0.0,0.0,0,0.0,0.0,0,0.0,0.0,0,0.0,0.0,0,0.0,0.0,0,0.0,0.0,0,0.0,0.0,0,0.0,0.0,0.0,0.0
LULU,1w,0,,,2025-06-29 00:00:00,225.56,0,0,0.0,0.0,0,0.0,0.0,0,0.0,0.0,0,0.0,0.0,0,0.0,0.0,0,0.0,0.0,0,0.0,0.0,0,0.0,0.0,0,0.0,0.0,0,0.0,0.0,0,0.0,0.0,0,0.0,0.0,0.0,0.0
LUNR,5m,16,2025-06-18 10:15:00,10.23,2025-06-23 15:55:00,10.02,224,16,56.25,0.18868617404326932,16,43.75,0.1875207575558052,16,62.5,0.05170619827686193,16,50.0,-0.130236239949943,16,37.5,-0.05624448175462071,16,56.25,-0.45947844209519634,16,50.0,-0.5670098432490303,16,50.0,-0.512851739947171,16,25.0,-1.099504871301824,16,25.0,-1.4718229692669067,16,37.5,-1.1604293188039085,16,18.75,-1.5684897271250064,3.9556262289132165,-9.204502168904021
LUNR,10m,14,2025-06-23 10:50:00,10.03,2025-06-23 15:50:00,10.02,30,11,81.81818181818183,0.2048415227591174,11,72.72727272727273,0.24963438049022352,11,72.72727272727273,0.21395821202529933,11,63.63636363636363,0.34719350506728736,11,54.54545454545454,-0.3497632306982176,11,36.36363636363637,-0.9697795740440035,11,45.45454545454545,-0.5681671946998115,11,45.45454545454545,-0.3585243830082343,11,9.090909090909092,-1.820225638117165,11,9.090909090909092,-2.697950611805276,11,9.090909090909092,-2.763350157763903,11,18.181818181818183,-2.7786557809819334,9.56761704509932,-10.806119316757615
LUNR,15m,12,2025-06-23 11:00:00,10.12,2025-06-23 15:45:00,10.02,19,10,60.0,0.30110949015883903,10,60.0,-0.15324087647960744,10,40.0,-0.13125226165158121,10,60.0,-0.6876460599083666,10,60.0,0.6254560994008921,10,60.0,1.3542107315451029,10,30.0,-0.18499722859284895,10,30.0,-1.2487908712016926,10,30.0,-0.9345557443004304,10,30.0,-1.3539634768521966,10,30.0,-2.241984461009955,10,30.0,-2.6207739413682605,9.497716712040953,-10.645102331279857
LUNR,30m,5,2025-06-23 13:00:00,9.87,2025-06-23 15:30:00,10.02,5,3,0.0,-2.130896517608156,3,33.33333333333333,-0.11486391409514522,3,33.33333333333333,-0.14473114527506858,3,33.33333333333333,-3.4770046738922376,3,33.33333333333333,-4.2174662403674334,3,33.33333333333333,-3.172905974668853,3,33.33333333333333,-3.149335705330889,3,33.33333333333333,-5.361205605691993,3,33.33333333333333,-5.755375251776688,3,33.33333333333333,-7.04038012024935,3,0.0,-3.5438826689155056,3,0.0,-5.786259490486434,9.814280534277954,-11.594199922521364
LUNR,1h,6,2025-06-23 14:30:00,9.98,2025-06-23 15:30:00,10.02,1,1,100.0,2.868964307838191,1,100.0,3.0146743922933457,1,100.0,9.561275912313823,1,100.0,5.273125118634355,1,100.0,20.06235824670999,1,100.0,13.651267383146376,1,100.0,10.372859961297756,1,100.0,11.9027811088807,1,100.0,8.551525592643738,1,100.0,7.895851056113251,1,100.0,13.94268060421745,1,100.0,21.198871893238945,21.198871893238945,2.868964307838191
LUNR,2h,4,2025-06-23 15:30:00,10.02,2025-06-23 15:30:00,10.02,0,1,100.0,1.0638270529935836,1,100.0,2.564538385796016,1,100.0,16.879426215437594,1,100.0,11.205672914608545,1,100.0,8.297872657021795,1,100.0,8.936164830629476,1,100.0,4.1134745249247855,1,100.0,2.40992816871134,1,100.0,18.79432302720298,1,100.0,20.63829623179615,1,100.0,23.843967523129304,1,100.0,73.33333243151368,73.33333243151368,1.0638270529935836
LUNR,3h,0,,,2025-06-23 15:30:00,10.02,0,0,0.0,0.0,0,0.0,0.0,0,0.0,0.0,0,0.0,0.0,0,0.0,0.0,0,0.0,0.0,0,0.0,0.0,0,0.0,0.0,0,0.0,0.0,0,0.0,0.0,0,0.0,0.0,0,0.0,0.0,0.0,0.0
LUNR,4h,0,,,2025-06-23 13:30:00,10.02,0,0,0.0,0.0,0,0.0,0.0,0,0.0,0.0,0,0.0,0.0,0,0.0,0.0,0,0.0,0.0,0,0.0,0.0,0,0.0,0.0,0,0.0,0.0,0,0.0,0.0,0,0.0,0.0,0,0.0,0.0,0.0,0.0
LUNR,1d,0,,,2025-06-23 00:00:00,10.0,0,0,0.0,0.0,0,0.0,0.0,0,0.0,0.0,0,0.0,0.0,0,0.0,0.0,0,0.0,0.0,0,0.0,0.0,0,0.0,0.0,0,0.0,0.0,0,0.0,0.0,0,0.0,0.0,0,0.0,0.0,0.0,0.0
LUNR,1w,0,,,2025-06-29 00:00:00,10.0,0,0,0.0,0.0,0,0.0,0.0,0,0.0,0.0,0,0.0,0.0,0,0.0,0.0,0,0.0,0.0,0,0.0,0.0,0,0.0,0.0,0,0.0,0.0,0,0.0,0.0,0,0.0,0.0,0,0.0,0.0,0.0,0.0
MARA,5m,23,2025-06-18 15:35:00,14.68,2025-06-23 15:55:00,14.19,160,23,13.043478260869565,-0.3755361444130704,23,17.391304347826086,-0.4324343224956526,23,17.391304347826086,-0.670095427594382,23,13.043478260869565,-0.6602580070900418,23,26.08695652173913,-0.5750714021891045,23,34.78260869565217,-0.3926257862895019,23,39.130434782608695,-0.024400898391732883,23,39.130434782608695,0.18329038204119782,23,43.47826086956522,-0.10434776060057407,23,43.47826086956522,0.0308300165402882,23,43.47826086956522,0.3914634774146363,23,47.82608695652174,-0.04352586099601354,7.299792428826055,-4.417669785471149
MARA,10m,8,2025-06-23 09:50:00,14.19,2025-06-23 15:50:00,14.19,36,6,66.66666666666666,0.06987637484479377,6,50.0,-0.05265498194835302,6,50.0,0.41368378996148464,6,50.0,0.18476955410060167,6,33.33333333333333,0.14415897145792908,6,33.33333333333333,0.20877176233898007,6,33.33333333333333,0.35100752392042606,6,50.0,0.6520548801373282,6,50.0,0.73649217675738,6,33.33333333333333,1.623956203083632,6,50.0,2.8635902073449304,6,100.0,5.616653238176048,11.587581561607461,-4.061860433872817
MARA,15m,7,2025-06-23 10:00:00,14.36,2025-06-23 15:45:00,14.19,23,4,50.0,-0.24024915196847432,4,50.0,-0.07030746289399908,4,0.0,-0.8826599692721375,4,50.0,-0.529995080640234,4,25.0,0.024455046940610847,4,25.0,0.2350983781152185,4,50.0,0.6952646862021089,4,50.0,2.9383625691993362,4,75.0,4.501278129830959,4,100.0,6.067124177423387,4,100.0,7.349823009990171,4,100.0,8.746018637667099,12.983398520730171,-3.6290213349547753
MARA,30m,6,2025-06-23 13:00:00,13.93,2025-06-23 15:30:00,14.19,5,1,0.0,-0.9240197014366147,1,0.0,-0.5133457291414744,1,0.0,-2.72484537061606,1,0.0,-3.6290213349547753,1,0.0,-2.3326443509482404,1,0.0,-1.9233346355785805,1,100.0,2.772078686945138,1,100.0,3.285424416086612,1,100.0,7.0431232475581265,1,100.0,4.5859006984146875,1,100.0,7.186859790615936,1,100.0,12.86789978521113,12.86789978521113,-3.6290213349547753
MARA,1h,4,2025-06-23 13:30:00,14.06,2025-06-23 15:30:00,14.19,2,1,100.0,2.777780672964044,1,100.0,0.8196735550096392,1,100.0,2.5500974345986105,1,0.0,-2.231328741104685,1,0.0,-4.326042327854831,1,100.0,4.280512628628784,1,100.0,5.738618183182604,1,100.0,17.622955376030845,1,100.0,11.247729160651918,1,100.0,9.744997204987179,1,100.0,27.959934212103434,1,100.0,29.826964560488143,29.826964560488143,-4.326042327854831
MARA,2h,2,2025-06-23 13:30:00,14.14,2025-06-23 15:30:00,14.19,1,1,100.0,2.3629013467939024,1,100.0,0.40124900295753835,1,0.0,-4.778422725595206,1,100.0,2.1854660546370765,1,100.0,11.36869907430241,1,100.0,15.247436601705132,1,100.0,12.189029046461753,1,100.0,10.432457069775115,1,100.0,24.7882273307834,1,100.0,24.25323432921364,1,100.0,18.145339453629234,1,100.0,41.48907547590176,41.48907547590176,-4.778422725595206
MARA,3h,2,2025-04-09 12:30:00,12.4,2025-06-23 15:30:00,14.19,151,2,50.0,-2.756190215563803,2,0.0,-1.6540289434011195,2,100.0,6.90962530450693,2,50.0,4.615803578277028,2,100.0,6.619794386188033,2,100.0,11.691124435510254,2,100.0,11.63598737525647,2,100.0,19.743477839976855,2,100.0,12.371492089218085,2,100.0,16.67347733516702,2,100.0,36.5844805200847,2,100.0,29.65542178872386,42.44315795023376,-6.370160083468041
MARA,4h,0,,,2025-06-23 13:30:00,14.19,0,0,0.0,0.0,0,0.0,0.0,0,0.0,0.0,0,0.0,0.0,0,0.0,0.0,0,0.0,0.0,0,0.0,0.0,0,0.0,0.0,0,0.0,0.0,0,0.0,0.0,0,0.0,0.0,0,0.0,0.0,0.0,0.0
MARA,1d,4,2025-04-09 00:00:00,12.31,2025-06-23 00:00:00,14.18,50,1,100.0,1.1292425570174907,1,0.0,-0.4391448975341535,1,100.0,2.948558841916273,1,0.0,-5.4579668033978805,1,0.0,-0.6900856936823143,1,100.0,6.1480584799807065,1,100.0,19.008781761199586,1,100.0,1.8820589625614614,1,100.0,24.592227937022315,1,100.0,62.86072627266913,1,100.0,23.21204458385666,1,100.0,10.727729505409767,62.86072627266913,-5.4579668033978805
MARA,1w,0,,,2025-06-29 00:00:00,14.18,0,0,0.0,0.0,0,0.0,0.0,0,0.0,0.0,0,0.0,0.0,0,0.0,0.0,0,0.0,0.0,0,0.0,0.0,0,0.0,0.0,0,0.0,0.0,0,0.0,0.0,0,0.0,0.0,0,0.0,0.0,0.0,0.0
MCD,5m,24,2025-06-23 13:05:00,286.74,2025-06-23 15:55:00,289.45,34,21,42.857142857142854,-0.07794435836131977,21,28.57142857142857,-0.14355602335940107,21,9.523809523809524,-0.15460485974932037,21,23.809523809523807,-0.13893963312048943,21,23.809523809523807,-0.19603411484792566,21,23.809523809523807,-0.20361961151387098,21,19.047619047619047,-0.22441826361469033,21,23.809523809523807,-0.32647940369414197,21,23.809523809523807,-0.614034309991029,21,14.285714285714285,-0.7835061383466075,21,19.047619047619047,-0.8013199711901442,21,19.047619047619047,-0.9092084738600793,1.2961767834185207,-2.6351329685211966
MCD,10m,20,2025-06-20 13:50:00,286.85,2025-06-23 15:50:00,289.45,51,16,43.75,-0.0487988504599116,16,37.5,-0.03813862585597498,16,25.0,-0.10541607449765636,16,31.25,-0.2556504364127026,16,18.75,-0.4515847871207054,16,18.75,-0.6029527427727417,16,25.0,-0.7095512555424486,16,37.5,-0.5806923805264863,16,31.25,-0.6310302002144361,16,37.5,-0.8732866595574312,16,25.0,-1.2583102267118673,16,25.0,-1.2224508539966048,1.6220521024091519,-2.861964908176094
MCD,15m,14,2025-06-20 13:30:00,286.82,2025-06-23 15:45:00,289.45,35,8,37.5,0.08824682841027244,8,62.5,0.10644459799195786,8,50.0,-0.15343871775584203,8,25.0,-0.40667258615545754,8,37.5,-0.31055098482021504,8,62.5,-0.1516978798957347,8,75.0,0.10982975628005602,8,62.5,-0.24456681821284895,8,62.5,-0.17725415950956036,8,75.0,-0.2572981210873876,8,25.0,-0.5451324132721174,8,0.0,-1.2898215921248712,1.719581819439166,-3.193184141085155
MCD,30m,6,2025-06-16 14:30:00,297.65,2025-06-23 15:30:00,289.45,54,5,60.0,0.042175965711076804,5,40.0,-0.47135347512106646,5,40.0,-0.3102443269211478,5,80.0,0.09591360244002059,5,60.0,-0.42477475185423685,5,40.0,-0.5236473814483048,5,40.0,-0.9215478337762161,5,20.0,-0.9742395125911104,5,0.0,-1.939551788093039,5,0.0,-2.400648509583006,5,0.0,-3.6850754049669705,5,0.0,-4.057428859091549,0.588430613893163,-5.756674252711198
MCD,1h,2,2025-06-03 11:30:00,312.48,2025-06-23 15:30:00,289.45,95,1,0.0,-0.750028379478577,1,0.0,-0.05596833367512344,1,0.0,-0.05277655740868372,1,100.0,0.05277655740868372,1,0.0,-1.2841579845309148,1,0.0,-1.3530203134597596,1,0.0,-1.7063509222330058,1,0.0,-3.782127985543108,1,0.0,-3.3759232115242845,1,0.0,-2.701062627237916,1,0.0,-7.022112762624866,1,0.0,-7.421914462543431,0.05277655740868372,-7.421914462543431
MCD,2h,0,,,2025-06-23 15:30:00,289.45,0,0,0.0,0.0,0,0.0,0.0,0,0.0,0.0,0,0.0,0.0,0,0.0,0.0,0,0.0,0.0,0,0.0,0.0,0,0.0,0.0,0,0.0,0.0,0,0.0,0.0,0,0.0,0.0,0,0.0,0.0,0.0,0.0
MCD,3h,0,,,2025-06-23 15:30:00,289.45,0,0,0.0,0.0,0,0.0,0.0,0,0.0,0.0,0,0.0,0.0,0,0.0,0.0,0,0.0,0.0,0,0.0,0.0,0,0.0,0.0,0,0.0,0.0,0,0.0,0.0,0,0.0,0.0,0,0.0,0.0,0.0,0.0
MCD,4h,0,,,2025-06-23 13:30:00,289.45,0,0,0.0,0.0,0,0.0,0.0,0,0.0,0.0,0,0.0,0.0,0,0.0,0.0,0,0.0,0.0,0,0.0,0.0,0,0.0,0.0,0,0.0,0.0,0,0.0,0.0,0,0.0,0.0,0,0.0,0.0,0.0,0.0
MCD,1d,0,,,2025-06-23 00:00:00,289.52,0,0,0.0,0.0,0,0.0,0.0,0,0.0,0.0,0,0.0,0.0,0,0.0,0.0,0,0.0,0.0,0,0.0,0.0,0,0.0,0.0,0,0.0,0.0,0,0.0,0.0,0,0.0,0.0,0,0.0,0.0,0.0,0.0
MCD,1w,0,,,2025-06-29 00:00:00,289.52,0,0,0.0,0.0,0,0.0,0.0,0,0.0,0.0,0,0.0,0.0,0,0.0,0.0,0,0.0,0.0,0,0.0,0.0,0,0.0,0.0,0,0.0,0.0,0,0.0,0.0,0,0.0,0.0,0,0.0,0.0,0.0,0.0
META,5m,7,2025-06-20 15:25:00,681.99,2025-06-23 15:55:00,698.57,84,6,66.66666666666666,0.09237060459699077,6,66.66666666666666,0.1987120321065353,6,83.33333333333334,0.2635282804983729,6,33.33333333333333,-0.08748783409727379,6,33.33333333333333,-0.07305374102153249,6,50.0,-0.07186860370622696,6,50.0,-0.35627436466148915,6,33.33333333333333,-0.31064920177112676,6,50.0,-0.2169970294832614,6,66.66666666666666,-0.2679377071476656,6,50.0,-0.045037357499089624,6,50.0,0.2690873838190972,2.639655741850766,-2.547025517430079
META,10m,8,2025-06-20 15:40:00,682.35,2025-06-23 15:50:00,698.57,40,3,100.0,0.2250879598370922,3,100.0,0.5386628572039384,3,66.66666666666666,0.2738546227712718,3,66.66666666666666,0.21514650404462987,3,66.66666666666666,-0.01748068829411087,3,66.66666666666666,0.03722403080139003,3,100.0,0.7294313498211512,3,100.0,0.8185708243886852,3,66.66666666666666,0.6411772984666566,3,66.66666666666666,0.4136751330990512,3,66.66666666666666,0.43452741522668514,3,66.66666666666666,0.24784474091983136,1.7800142844196483,-1.11649362898278
META,15m,4,2025-06-20 15:30:00,682.13,2025-06-23 15:45:00,698.57,27,1,100.0,0.3160776877088169,1,100.0,0.23724147235218607,1,0.0,-0.18443383386545645,1,0.0,-0.9858455927959822,1,100.0,0.6560296196022378,1,100.0,1.834273013813422,1,100.0,1.2097902412790802,1,100.0,1.5341056027394635,1,100.0,1.3257975246894032,1,100.0,1.5008282261374766,1,100.0,1.259251600717746,1,0.0,-0.2263903458348494,1.834273013813422,-0.9858455927959822
META,30m,1,2025-06-13 11:00:00,692.8,2025-06-23 15:30:00,698.57,0,0,0.0,0.0,0,0.0,0.0,0,0.0,0.0,0,0.0,0.0,0,0.0,0.0,0,0.0,0.0,0,0.0,0.0,0,0.0,0.0,0,0.0,0.0,0,0.0,0.0,0,0.0,0.0,0,0.0,0.0,0.0,0.0
META,1h,5,2025-05-22 11:30:00,638.23,2025-06-23 15:30:00,698.57,144,5,60.0,0.17695425023255074,5,20.0,-0.701171390908889,5,20.0,-0.44911964413426536,5,60.0,1.65323512930587,5,100.0,3.8644194374985417,5,100.0,4.5693789710393995,5,100.0,4.832832524575119,5,100.0,6.893675082904184,5,100.0,9.615307222871655,5,100.0,12.15886246787046,5,100.0,15.663422719887151,5,100.0,17.238735451044576,30.215897624513232,-4.585957779243399
META,2h,1,2025-04-22 09:30:00,495.7,2025-06-23 15:30:00,698.57,171,1,100.0,0.9299950046475124,1,100.0,5.295541527853861,1,100.0,6.590676236762223,1,100.0,10.423639628351685,1,100.0,10.987485269127847,1,100.0,9.063948268981694,1,100.0,16.76014021463147,1,100.0,19.53802162617008,1,100.0,21.9847100596204,1,100.0,33.13294052649316,1,100.0,28.66149056048298,1,100.0,30.205764934743364,33.13294052649316,0.9299950046475124
META,3h,1,2025-04-22 09:30:00,506.02,2025-06-23 15:30:00,698.57,128,1,100.0,2.828451608300284,1,100.0,2.764717018239202,1,100.0,7.91471071896031,1,100.0,9.169597032505909,1,100.0,8.179515637620609,1,100.0,18.187028334331348,1,100.0,16.647941715899446,1,100.0,17.36493173047192,1,100.0,30.297227659919514,1,100.0,25.99502221272288,1,100.0,27.469276616624438,1,100.0,37.7376379591832,37.7376379591832,2.764717018239202
META,4h,1,2025-04-22 09:30:00,494.75,2025-06-23 13:30:00,698.57,0,0,0.0,0.0,0,0.0,0.0,0,0.0,0.0,0,0.0,0.0,0,0.0,0.0,0,0.0,0.0,0,0.0,0.0,0,0.0,0.0,0,0.0,0.0,0,0.0,0.0,0,0.0,0.0,0,0.0,0.0,0.0,0.0
META,1d,0,,,2025-06-23 00:00:00,698.53,0,0,0.0,0.0,0,0.0,0.0,0,0.0,0.0,0,0.0,0.0,0,0.0,0.0,0,0.0,0.0,0,0.0,0.0,0,0.0,0.0,0,0.0,0.0,0,0.0,0.0,0,0.0,0.0,0,0.0,0.0,0.0,0.0
META,1w,0,,,2025-06-29 00:00:00,698.53,0,0,0.0,0.0,0,0.0,0.0,0,0.0,0.0,0,0.0,0.0,0,0.0,0.0,0,0.0,0.0,0,0.0,0.0,0,0.0,0.0,0,0.0,0.0,0,0.0,0.0,0,0.0,0.0,0,0.0,0.0,0.0,0.0
MLGO,5m,23,2025-06-17 13:30:00,0.62,2025-06-23 15:55:00,0.65,263,23,43.47826086956522,-0.07276571479096994,23,34.78260869565217,-0.5864333658694383,23,30.434782608695656,-0.997321906560757,23,26.08695652173913,-2.0975449819214527,23,30.434782608695656,-2.797429732310147,23,26.08695652173913,-4.103704750991809,23,21.73913043478261,-3.801313003122633,23,17.391304347826086,-5.636103224515362,23,8.695652173913043,-7.438504921959519,23,17.391304347826086,-6.8242765740551095,23,30.434782608695656,-6.604713046284824,23,17.391304347826086,-6.447101796451638,21.31014345710631,-36.07459788125946
MLGO,10m,18,2025-06-13 14:50:00,0.87,2025-06-23 15:50:00,0.65,201,18,11.11111111111111,-0.7979700107964847,18,22.22222222222222,-1.089845670720547,18,27.77777777777778,-1.475144401873048,18,16.666666666666664,-2.0675232176539016,18,22.22222222222222,-3.6982898155165134,18,22.22222222222222,-3.021771759992675,18,27.77777777777778,-3.504242791691522,18,11.11111111111111,-4.6830304273609515,18,11.11111111111111,-3.404391102890533,18,16.666666666666664,-3.9847146313047506,18,22.22222222222222,-5.739893645147386,18,16.666666666666664,-7.214501974316909,17.132868094749547,-30.88908987776814
MLGO,15m,13,2025-06-13 14:45:00,0.87,2025-06-23 15:45:00,0.65,134,13,15.384615384615385,-1.251540931410626,13,15.384615384615385,-2.624883674474652,13,7.6923076923076925,-4.6276458965283505,13,7.6923076923076925,-6.10897630210699,13,0.0,-6.903552325153535,13,0.0,-8.196498508651539,13,0.0,-7.584900022314817,13,15.384615384615385,-6.287625167386623,13,7.6923076923076925,-7.56327760329488,13,0.0,-8.287712504294662,13,0.0,-10.806135613616435,13,7.6923076923076925,-16.252557322089864,2.8579169713532298,-30.109988599450638
MLGO,30m,3,2025-06-09 14:00:00,1.11,2025-06-23 15:30:00,0.65,120,3,33.33333333333333,-2.5887111254788855,3,33.33333333333333,-3.8706617639775165,3,33.33333333333333,-3.86536320447815,3,0.0,-1.5801901829387945,3,33.33333333333333,-1.9402424248845698,3,33.33333333333333,-3.415179753855051,3,0.0,-5.4768476415443965,3,0.0,-7.30574624165131,3,0.0,-10.205822652226077,3,0.0,-19.41855223106158,3,0.0,-25.257798475704856,3,0.0,-29.606253220523616,3.12475852193425,-42.10241681465728
MLGO,1h,11,2025-06-10 12:30:00,1.03,2025-06-23 15:30:00,0.65,59,6,33.33333333333333,-4.855286920918439,6,33.33333333333333,-5.44057310528921,6,16.666666666666664,-13.471396414218292,6,16.666666666666664,-13.683135156940113,6,16.666666666666664,-11.989407246514729,6,16.666666666666664,-10.507455094308282,6,33.33333333333333,-7.564746826680566,6,33.33333333333333,-19.374500598063385,6,0.0,-30.1821824060023,6,0.0,-31.204973009192855,6,0.0,-37.199428879743735,6,0.0,-48.45521272078949,41.724588702539364,-80.84370695975818
MLGO,2h,5,2025-06-05 13:30:00,1.2,2025-06-23 15:30:00,0.65,45,1,0.0,-11.498972401212948,1,0.0,-20.739220004053603,1,0.0,-28.14373752218957,1,0.0,-52.77207379128631,1,0.0,-48.663245253903554,1,0.0,-41.262830297861676,1,0.0,-51.351128400402224,1,0.0,-63.14168379331312,1,0.0,-75.16016392624005,1,0.0,-55.62012331185444,1,0.0,-70.22587101113959,1,0.0,-76.58932178480055,-11.498972401212948,-76.58932178480055
MLGO,3h,3,2025-06-18 09:30:00,0.68,2025-06-23 15:30:00,0.65,8,2,0.0,-9.594883799182526,2,0.0,-20.905863849089073,2,0.0,-45.81912637070337,2,0.0,-47.69931827876472,2,0.0,-40.54688483450053,2,0.0,-56.720796770600884,2,0.0,-62.79879022520295,2,0.0,-62.45215742671772,2,0.0,-67.76612639171621,2,0.0,-69.87811176381913,2,0.0,-75.78302627906783,2,0.0,-84.98170961346852,-8.820155148508837,-85.09278333960377
MLGO,4h,1,2025-06-18 09:30:00,0.68,2025-06-23 13:30:00,0.65,0,0,0.0,0.0,0,0.0,0.0,0,0.0,0.0,0,0.0,0.0,0,0.0,0.0,0,0.0,0.0,0,0.0,0.0,0,0.0,0.0,0,0.0,0.0,0,0.0,0.0,0,0.0,0.0,0,0.0,0.0,0.0,0.0
MLGO,1d,2,2025-01-27 00:00:00,1.83,2025-06-23 00:00:00,0.65,101,2,50.0,9.13431338801367,2,50.0,-8.354900977409354,2,0.0,-29.801552529808163,2,0.0,-37.3080240801512,2,50.0,58.35203204874473,2,50.0,41.10727801474681,2,50.0,30.868563348511124,2,100.0,302.4475178192409,2,100.0,483.40808679000827,2,100.0,361.07564117913125,2,50.0,95.35231338125374,2,0.0,-42.53091588637312,927.8687991709809,-61.202187874747914
MLGO,1w,0,,,2025-06-29 00:00:00,0.65,0,0,0.0,0.0,0,0.0,0.0,0,0.0,0.0,0,0.0,0.0,0,0.0,0.0,0,0.0,0.0,0,0.0,0.0,0,0.0,0.0,0,0.0,0.0,0,0.0,0.0,0,0.0,0.0,0,0.0,0.0,0.0,0.0
MRVL,5m,6,2025-06-10 11:05:00,68.99,2025-06-23 15:55:00,70.79,682,6,50.0,0.05913411679773135,6,66.66666666666666,-0.06044195759511417,6,66.66666666666666,0.2184817510785626,6,66.66666666666666,0.5063219550448609,6,33.33333333333333,-0.6444549071721849,6,50.0,-1.6947243709041582,6,33.33333333333333,-1.026754167589888,6,33.33333333333333,-0.6026378906683163,6,33.33333333333333,-0.49228739191083487,6,50.0,-0.8993239781006895,6,50.0,-0.4707376676311356,6,50.0,0.13654105505246003,7.707066876021609,-7.450127758264684
MRVL,10m,1,2025-05-29 14:20:00,63.72,2025-06-23 15:50:00,70.79,633,1,0.0,-0.13653810934531693,1,100.0,0.05571444556553186,1,0.0,-6.632767026866803,1,0.0,-4.872325851796103,1,0.0,-5.2686072687774175,1,0.0,-5.927930796264558,1,0.0,-7.450127758264684,1,0.0,-6.770406732814749,1,0.0,-5.540120896634976,1,0.0,-4.632986029060956,1,0.0,-2.3828791771839706,1,0.0,-1.4553408247090993,0.05571444556553186,-7.450127758264684
MRVL,15m,0,,,2025-06-23 15:45:00,70.79,0,0,0.0,0.0,0,0.0,0.0,0,0.0,0.0,0,0.0,0.0,0,0.0,0.0,0,0.0,0.0,0,0.0,0.0,0,0.0,0.0,0,0.0,0.0,0,0.0,0.0,0,0.0,0.0,0,0.0,0.0,0.0,0.0
MRVL,30m,1,2025-06-13 13:30:00,68.39,2025-06-23 15:30:00,70.79,0,0,0.0,0.0,0,0.0,0.0,0,0.0,0.0,0,0.0,0.0,0,0.0,0.0,0,0.0,0.0,0,0.0,0.0,0,0.0,0.0,0,0.0,0.0,0,0.0,0.0,0,0.0,0.0,0,0.0,0.0,0.0,0.0
MRVL,1h,1,2025-05-22 09:30:00,61.24,2025-06-23 15:30:00,70.79,146,1,100.0,2.1391207098127354,1,100.0,1.6737388685311716,1,0.0,-0.7021559330344987,1,100.0,5.792777103893626,1,100.0,4.212929369113,1,100.0,6.580657828454364,1,100.0,4.515015511378405,1,0.0,-2.014700786404429,1,100.0,2.661654488476456,1,100.0,8.866747781928638,1,100.0,13.242972850057797,1,100.0,14.043099973407996,14.043099973407996,-2.014700786404429
MRVL,2h,1,2025-06-02 11:30:00,61.68,2025-06-23 15:30:00,70.79,0,0,0.0,0.0,0,0.0,0.0,0,0.0,0.0,0,0.0,0.0,0,0.0,0.0,0,0.0,0.0,0,0.0,0.0,0,0.0,0.0,0,0.0,0.0,0,0.0,0.0,0,0.0,0.0,0,0.0,0.0,0.0,0.0
MRVL,3h,2,2025-06-03 09:30:00,63.2,2025-06-23 15:30:00,70.79,41,1,100.0,5.494723126374939,1,100.0,5.123189212268735,1,100.0,14.587405501578242,1,100.0,14.606963844069137,1,100.0,14.039891260986462,1,100.0,22.29175139213328,1,100.0,19.92569918463642,1,100.0,16.523271145462452,1,100.0,28.861952116522964,1,100.0,18.537347781343996,1,100.0,24.716463708458665,1,100.0,35.76457007003707,35.76457007003707,5.123189212268735
MRVL,4h,0,,,2025-06-23 13:30:00,70.79,0,0,0.0,0.0,0,0.0,0.0,0,0.0,0.0,0,0.0,0.0,0,0.0,0.0,0,0.0,0.0,0,0.0,0.0,0,0.0,0.0,0,0.0,0.0,0,0.0,0.0,0,0.0,0.0,0,0.0,0.0,0.0,0.0
MRVL,1d,1,2025-04-09 00:00:00,60.89,2025-06-23 00:00:00,70.78,0,0,0.0,0.0,0,0.0,0.0,0,0.0,0.0,0,0.0,0.0,0,0.0,0.0,0,0.0,0.0,0,0.0,0.0,0,0.0,0.0,0,0.0,0.0,0,0.0,0.0,0,0.0,0.0,0,0.0,0.0,0.0,0.0
MRVL,1w,0,,,2025-06-29 00:00:00,70.78,0,0,0.0,0.0,0,0.0,0.0,0,0.0,0.0,0,0.0,0.0,0,0.0,0.0,0,0.0,0.0,0,0.0,0.0,0,0.0,0.0,0,0.0,0.0,0,0.0,0.0,0,0.0,0.0,0,0.0,0.0,0.0,0.0
MSFT,5m,4,2025-06-13 14:50:00,474.17,2025-06-23 15:55:00,485.92,403,4,75.0,0.0632450290460754,4,75.0,0.017666693434085272,4,50.0,0.037933282419521125,4,75.0,0.2722716332157171,4,75.0,0.2934342028548621,4,75.0,0.44213682750839545,4,100.0,0.5200116278363665,4,75.0,0.5295017443310326,4,75.0,0.5379858280162024,4,75.0,0.6311064825348506,4,100.0,0.5623552810873809,4,50.0,0.25517119088672124,1.3318153654537277,-0.36619498136596385
MSFT,10m,1,2025-05-29 12:10:00,458.64,2025-06-23 15:50:00,485.92,646,1,100.0,0.050144004318133366,1,100.0,0.03487989260027271,1,0.0,-0.12210623981449911,1,0.0,-0.14499575346290397,1,0.0,-0.13998534538812232,1,0.0,-0.04796816973585767,1,100.0,0.11228504151652077,1,0.0,-0.47314088575497737,1,0.0,-0.1308228860003742,1,100.0,0.5668481592173277,1,100.0,0.5276432131660482,1,100.0,0.7369558384096153,0.7369558384096153,-0.47314088575497737
MSFT,15m,2,2025-06-10 14:30:00,468.72,2025-06-23 15:45:00,485.92,213,2,100.0,0.18917953162366374,2,50.0,0.22082667079529378,2,50.0,0.6392715596348779,2,100.0,0.5916907377909052,2,100.0,0.6297971434412286,2,100.0,0.4345487828959186,2,50.0,0.2246252996506109,2,100.0,1.0103208869701976,2,100.0,1.4689342518985287,2,100.0,1.123665506215901,2,100.0,1.069477399010909,2,100.0,1.8043687617052693,2.3250677986616255,-0.31839308558378987
MSFT,30m,1,2025-05-29 12:30:00,459.11,2025-06-23 15:30:00,485.92,214,1,0.0,-0.3481704781027631,1,0.0,-0.22510535216308195,1,100.0,0.012855566250801729,1,0.0,-0.42658677337717255,1,100.0,0.3880400160408751,1,100.0,0.3793256172017846,1,100.0,0.5339712991174528,1,100.0,0.8541573232823279,1,100.0,1.2320670999404615,1,100.0,1.5892776866787417,1,100.0,2.5770624392991603,1,100.0,2.154503831975755,2.5770624392991603,-0.42658677337717255
MSFT,1h,0,,,2025-06-23 15:30:00,485.92,0,0,0.0,0.0,0,0.0,0.0,0,0.0,0.0,0,0.0,0.0,0,0.0,0.0,0,0.0,0.0,0,0.0,0.0,0,0.0,0.0,0,0.0,0.0,0,0.0,0.0,0,0.0,0.0,0,0.0,0.0,0.0,0.0
MSFT,2h,0,,,2025-06-23 15:30:00,485.92,0,0,0.0,0.0,0,0.0,0.0,0,0.0,0.0,0,0.0,0.0,0,0.0,0.0,0,0.0,0.0,0,0.0,0.0,0,0.0,0.0,0,0.0,0.0,0,0.0,0.0,0,0.0,0.0,0,0.0,0.0,0.0,0.0
MSFT,3h,0,,,2025-06-23 15:30:00,485.92,0,0,0.0,0.0,0,0.0,0.0,0,0.0,0.0,0,0.0,0.0,0,0.0,0.0,0,0.0,0.0,0,0.0,0.0,0,0.0,0.0,0,0.0,0.0,0,0.0,0.0,0,0.0,0.0,0,0.0,0.0,0.0,0.0
MSFT,4h,0,,,2025-06-23 13:30:00,485.92,0,0,0.0,0.0,0,0.0,0.0,0,0.0,0.0,0,0.0,0.0,0,0.0,0.0,0,0.0,0.0,0,0.0,0.0,0,0.0,0.0,0,0.0,0.0,0,0.0,0.0,0,0.0,0.0,0,0.0,0.0,0.0,0.0
MSFT,1d,1,2024-11-06 00:00:00,417.73,2025-06-23 00:00:00,486.0,154,1,0.0,-0.5164400672514666,1,100.0,1.1947333808385334,1,0.0,-1.116184696360972,1,100.0,0.8702671166656902,1,100.0,5.551431197649735,1,100.0,7.206403471103771,1,100.0,4.21838287603612,1,100.0,2.029232792965334,1,100.0,6.405151367669064,1,0.0,-1.442886442067496,1,0.0,-5.164006175773429,1,0.0,-10.846191126657855,7.206403471103771,-10.846191126657855
MSFT,1w,0,,,2025-06-29 00:00:00,486.0,0,0,0.0,0.0,0,0.0,0.0,0,0.0,0.0,0,0.0,0.0,0,0.0,0.0,0,0.0,0.0,0,0.0,0.0,0,0.0,0.0,0,0.0,0.0,0,0.0,0.0,0,0.0,0.0,0,0.0,0.0,0.0,0.0
MSTR,5m,11,2025-06-23 12:40:00,363.45,2025-06-23 15:55:00,367.3,39,8,87.5,0.08664701407264593,8,62.5,0.23424027648406442,8,87.5,0.46754903976284934,8,75.0,0.42511165703702075,8,62.5,-0.08382706758274125,8,62.5,-0.24742051751084748,8,50.0,-0.22062523819675656,8,37.5,-0.14239921649486703,8,50.0,0.18433335710282628,8,37.5,-0.06250166828248366,8,50.0,0.12949867176260632,8,62.5,0.3523675876712964,2.192431214217295,-2.3108716751911187
MSTR,10m,5,2025-06-23 12:40:00,364.33,2025-06-23 15:50:00,367.3,19,2,100.0,0.3657376039474906,2,50.0,0.14295932634526942,2,50.0,-0.21833472696117864,2,50.0,-0.878364805101704,2,50.0,-0.0320493401646037,2,50.0,-0.7350997836080686,2,0.0,-1.7421677159874918,2,0.0,-2.153214693771919,2,0.0,-1.0352305723392885,2,0.0,-1.0201146027941599,2,100.0,0.5696784606805136,2,50.0,1.2370848283817608,3.6745737349720025,-3.115335148619267
MSTR,15m,3,2025-06-23 13:00:00,366.64,2025-06-23 15:45:00,367.3,11,1,100.0,0.5836677971868176,1,100.0,0.8707997081744977,1,100.0,2.119798751571912,1,100.0,2.4948578307867173,1,100.0,2.4074176541330425,1,100.0,2.6357831164555545,1,100.0,2.4761758264603846,1,100.0,7.211799436382821,1,100.0,6.6871247908350195,1,100.0,4.974417409041939,1,100.0,5.797063726289912,1,100.0,3.3841464259394547,7.211799436382821,0.5836677971868176
MSTR,30m,3,2025-06-23 11:00:00,366.9,2025-06-23 15:30:00,367.3,9,1,100.0,1.2402601311338328,1,100.0,2.2027376240844077,1,100.0,2.626745444862867,1,100.0,2.3894497517746736,1,100.0,6.756832444074477,1,100.0,6.64710076720082,1,100.0,4.545706085708585,1,100.0,5.176677878715144,1,100.0,2.9463461745990296,1,100.0,4.227478362381768,1,100.0,8.199828692334464,1,100.0,6.553828423258695,8.199828692334464,1.2402601311338328
MSTR,1h,4,2025-06-23 12:30:00,368.0,2025-06-23 15:30:00,367.3,3,3,66.66666666666666,-0.7550599304359924,3,0.0,-6.830774468095593,3,0.0,-5.1500238729196175,3,33.33333333333333,-0.6657206946796643,3,33.33333333333333,-4.454072829202372,3,66.66666666666666,4.436170607334531,3,66.66666666666666,5.04452100885132,3,100.0,11.494953671785405,3,100.0,11.336115544993996,3,100.0,13.474373881376616,3,100.0,24.731707622029543,3,100.0,34.450924191966514,36.402936028422275,-12.582738100712001
MSTR,2h,1,2025-04-04 13:30:00,295.11,2025-06-23 15:30:00,367.3,213,1,0.0,-8.495145229468724,1,0.0,-9.148304522115442,1,0.0,-15.775175913819083,1,0.0,-7.7098359930159805,1,100.0,2.2356908053256253,1,100.0,5.490442887935938,1,100.0,7.589681818426246,1,100.0,7.39483329810438,1,100.0,17.58434990583321,1,100.0,24.08123783101601,1,100.0,32.15532121981254,1,100.0,38.00234868888311,38.00234868888311,-15.775175913819083
MSTR,3h,1,2025-04-04 12:30:00,295.11,2025-06-23 15:30:00,367.3,160,1,0.0,-8.350285975001643,1,0.0,-10.148441439343394,1,100.0,0.2753959741371216,1,100.0,2.2356908053256253,1,100.0,5.819581976398117,1,100.0,5.6158193586069025,1,100.0,7.39483329810438,1,100.0,18.702583102759483,1,100.0,28.631181388853616,1,100.0,32.15532121981254,1,100.0,41.34858919412836,1,100.0,35.44903887001509,41.34858919412836,-10.148441439343394
MSTR,4h,0,,,2025-06-23 13:30:00,367.3,0,0,0.0,0.0,0,0.0,0.0,0,0.0,0.0,0,0.0,0.0,0,0.0,0.0,0,0.0,0.0,0,0.0,0.0,0,0.0,0.0,0,0.0,0.0,0,0.0,0.0,0,0.0,0.0,0,0.0,0.0,0.0,0.0
MSTR,1d,3,2025-04-11 00:00:00,299.98,2025-06-23 00:00:00,367.18,0,0,0.0,0.0,0,0.0,0.0,0,0.0,0.0,0,0.0,0.0,0,0.0,0.0,0,0.0,0.0,0,0.0,0.0,0,0.0,0.0,0,0.0,0.0,0,0.0,0.0,0,0.0,0.0,0,0.0,0.0,0.0,0.0
MSTR,1w,0,,,2025-06-29 00:00:00,367.18,0,0,0.0,0.0,0,0.0,0.0,0,0.0,0.0,0,0.0,0.0,0,0.0,0.0,0,0.0,0.0,0,0.0,0.0,0,0.0,0.0,0,0.0,0.0,0,0.0,0.0,0,0.0,0.0,0,0.0,0.0,0.0,0.0
MU,5m,7,2025-06-20 10:30:00,121.94,2025-06-23 15:55:00,122.08,143,7,71.42857142857143,0.014513063014580172,7,57.14285714285714,0.5271853237832983,7,71.42857142857143,0.7838662969886779,7,71.42857142857143,0.9161419372241522,7,85.71428571428571,1.0928834565784278,7,85.71428571428571,1.4023731991291026,7,85.71428571428571,1.4420414440781275,7,100.0,1.4698554503446817,7,100.0,1.724054772680212,7,100.0,2.0325276906764,7,100.0,2.0417011058205436,7,85.71428571428571,2.8544062140378457,6.3055883778539545,-1.1085685345002734
MU,10m,0,,,2025-06-23 15:50:00,122.08,0,0,0.0,0.0,0,0.0,0.0,0,0.0,0.0,0,0.0,0.0,0,0.0,0.0,0,0.0,0.0,0,0.0,0.0,0,0.0,0.0,0,0.0,0.0,0,0.0,0.0,0,0.0,0.0,0,0.0,0.0,0.0,0.0
MU,15m,0,,,2025-06-23 15:45:00,122.08,0,0,0.0,0.0,0,0.0,0.0,0,0.0,0.0,0,0.0,0.0,0,0.0,0.0,0,0.0,0.0,0,0.0,0.0,0,0.0,0.0,0,0.0,0.0,0,0.0,0.0,0,0.0,0.0,0,0.0,0.0,0.0,0.0
MU,30m,0,,,2025-06-23 15:30:00,122.08,0,0,0.0,0.0,0,0.0,0.0,0,0.0,0.0,0,0.0,0.0,0,0.0,0.0,0,0.0,0.0,0,0.0,0.0,0,0.0,0.0,0,0.0,0.0,0,0.0,0.0,0,0.0,0.0,0,0.0,0.0,0.0,0.0
MU,1h,0,,,2025-06-23 15:30:00,122.08,0,0,0.0,0.0,0,0.0,0.0,0,0.0,0.0,0,0.0,0.0,0,0.0,0.0,0,0.0,0.0,0,0.0,0.0,0,0.0,0.0,0,0.0,0.0,0,0.0,0.0,0,0.0,0.0,0,0.0,0.0,0.0,0.0
MU,2h,0,,,2025-06-23 15:30:00,122.08,0,0,0.0,0.0,0,0.0,0.0,0,0.0,0.0,0,0.0,0.0,0,0.0,0.0,0,0.0,0.0,0,0.0,0.0,0,0.0,0.0,0,0.0,0.0,0,0.0,0.0,0,0.0,0.0,0,0.0,0.0,0.0,0.0
MU,3h,0,,,2025-06-23 15:30:00,122.08,0,0,0.0,0.0,0,0.0,0.0,0,0.0,0.0,0,0.0,0.0,0,0.0,0.0,0,0.0,0.0,0,0.0,0.0,0,0.0,0.0,0,0.0,0.0,0,0.0,0.0,0,0.0,0.0,0,0.0,0.0,0.0,0.0
MU,4h,0,,,2025-06-23 13:30:00,122.08,0,0,0.0,0.0,0,0.0,0.0,0,0.0,0.0,0,0.0,0.0,0,0.0,0.0,0,0.0,0.0,0,0.0,0.0,0,0.0,0.0,0,0.0,0.0,0,0.0,0.0,0,0.0,0.0,0,0.0,0.0,0.0,0.0
MU,1d,2,2024-09-13 00:00:00,90.88,2025-06-23 00:00:00,122.08,192,2,0.0,-4.035206149359777,2,0.0,-1.9955938322796978,2,100.0,11.74753349233624,2,100.0,11.120289258227022,2,100.0,14.829586199997907,2,100.0,21.314301619105944,2,100.0,17.222693762052113,2,100.0,23.156043056359444,2,100.0,10.642166669998996,2,100.0,12.121422958152285,2,100.0,9.503265316686523,2,100.0,2.467163351923696,23.503499598437205,-4.242501323252687
MU,1w,1,2025-04-27 00:00:00,79.78,2025-06-29 00:00:00,122.08,0,0,0.0,0.0,0,0.0,0.0,0,0.0,0.0,0,0.0,0.0,0,0.0,0.0,0,0.0,0.0,0,0.0,0.0,0,0.0,0.0,0,0.0,0.0,0,0.0,0.0,0,0.0,0.0,0,0.0,0.0,0.0,0.0
NVDA,5m,12,2025-06-23 09:40:00,143.38,2025-06-23 15:55:00,144.18,75,11,63.63636363636363,-0.08586107169886369,11,63.63636363636363,-0.042009971494998986,11,63.63636363636363,0.006420564824633288,11,63.63636363636363,0.08417729798973926,11,54.54545454545454,0.14983043377680777,11,54.54545454545454,0.2921930932652912,11,72.72727272727273,0.3768314572535401,11,63.63636363636363,0.5389808032431224,11,63.63636363636363,0.6424958176825962,11,100.0,1.0029596007013584,11,100.0,1.1455538091552775,11,81.81818181818183,0.8840804128456086,3.0074471978023696,-1.6722522057935354
NVDA,10m,7,2025-06-23 13:00:00,143.74,2025-06-23 15:50:00,144.18,17,4,50.0,0.37103214253467137,4,100.0,0.5902809439989019,4,75.0,0.889231871198971,4,100.0,1.3907379496554928,4,100.0,1.8088918755942456,4,100.0,1.8018132327319527,4,100.0,1.6851543872149173,4,75.0,1.2006970165250697,4,100.0,1.2130177314825326,4,50.0,0.9011149897476732,4,75.0,0.963799360205283,4,75.0,1.4540955771823336,2.8612688511555415,-0.4788643292417106
NVDA,15m,1,2025-06-23 13:00:00,143.84,2025-06-23 15:45:00,144.18,0,0,0.0,0.0,0,0.0,0.0,0,0.0,0.0,0,0.0,0.0,0,0.0,0.0,0,0.0,0.0,0,0.0,0.0,0,0.0,0.0,0,0.0,0.0,0,0.0,0.0,0,0.0,0.0,0,0.0,0.0,0.0,0.0
NVDA,30m,0,,,2025-06-23 15:30:00,144.18,0,0,0.0,0.0,0,0.0,0.0,0,0.0,0.0,0,0.0,0.0,0,0.0,0.0,0,0.0,0.0,0,0.0,0.0,0,0.0,0.0,0,0.0,0.0,0,0.0,0.0,0,0.0,0.0,0,0.0,0.0,0.0,0.0
NVDA,1h,0,,,2025-06-23 15:30:00,144.18,0,0,0.0,0.0,0,0.0,0.0,0,0.0,0.0,0,0.0,0.0,0,0.0,0.0,0,0.0,0.0,0,0.0,0.0,0,0.0,0.0,0,0.0,0.0,0,0.0,0.0,0,0.0,0.0,0,0.0,0.0,0.0,0.0
NVDA,2h,0,,,2025-06-23 15:30:00,144.18,0,0,0.0,0.0,0,0.0,0.0,0,0.0,0.0,0,0.0,0.0,0,0.0,0.0,0,0.0,0.0,0,0.0,0.0,0,0.0,0.0,0,0.0,0.0,0,0.0,0.0,0,0.0,0.0,0,0.0,0.0,0.0,0.0
NVDA,3h,0,,,2025-06-23 15:30:00,144.18,0,0,0.0,0.0,0,0.0,0.0,0,0.0,0.0,0,0.0,0.0,0,0.0,0.0,0,0.0,0.0,0,0.0,0.0,0,0.0,0.0,0,0.0,0.0,0,0.0,0.0,0,0.0,0.0,0,0.0,0.0,0.0,0.0
NVDA,4h,0,,,2025-06-23 13:30:00,144.18,0,0,0.0,0.0,0,0.0,0.0,0,0.0,0.0,0,0.0,0.0,0,0.0,0.0,0,0.0,0.0,0,0.0,0.0,0,0.0,0.0,0,0.0,0.0,0,0.0,0.0,0,0.0,0.0,0,0.0,0.0,0.0,0.0
NVDA,1d,0,,,2025-06-23 00:00:00,144.17,0,0,0.0,0.0,0,0.0,0.0,0,0.0,0.0,0,0.0,0.0,0,0.0,0.0,0,0.0,0.0,0,0.0,0.0,0,0.0,0.0,0,0.0,0.0,0,0.0,0.0,0,0.0,0.0,0,0.0,0.0,0.0,0.0
NVDA,1w,1,2024-09-22 00:00:00,115.97,2025-06-29 00:00:00,144.17,0,0,0.0,0.0,0,0.0,0.0,0,0.0,0.0,0,0.0,0.0,0,0.0,0.0,0,0.0,0.0,0,0.0,0.0,0,0.0,0.0,0,0.0,0.0,0,0.0,0.0,0,0.0,0.0,0,0.0,0.0,0.0,0.0
OPEN,5m,12,2025-06-23 09:45:00,0.53,2025-06-23 15:55:00,0.53,74,11,45.45454545454545,-0.09524815812615497,11,54.54545454545454,-0.12512531371366725,11,54.54545454545454,-0.19880820149829168,11,36.36363636363637,-0.21536004031767755,11,45.45454545454545,-0.18358420798083722,11,27.27272727272727,-0.7638570157201332,11,36.36363636363637,-0.7145159909476021,11,45.45454545454545,-0.6552188321254107,11,54.54545454545454,-1.1137246412889297,11,36.36363636363637,-1.392044660988851,11,36.36363636363637,-0.47171720545104756,11,36.36363636363637,-0.7707234622131337,9.216665855381256,-8.433006047728297
OPEN,10m,4,2025-06-16 14:50:00,0.55,2025-06-23 15:50:00,0.53,162,4,100.0,0.7120799110546465,4,75.0,-0.10089060995531551,4,25.0,-0.9737880248194718,4,50.0,-1.0960378268022795,4,50.0,-1.6326062981181637,4,25.0,-1.3039450190298285,4,50.0,-0.8905120146479721,4,50.0,-0.1546010251923069,4,50.0,1.1539425286445473,4,50.0,0.6048960400541159,4,50.0,4.443238886120643,4,75.0,2.5969218783361923,19.034620304291717,-7.390797581601737
OPEN,15m,5,2025-06-23 13:15:00,0.53,2025-06-23 15:45:00,0.53,10,4,25.0,-0.35958157528880563,4,25.0,-0.7822259006111392,4,25.0,-0.5852871016395718,4,0.0,-1.9648190486245092,4,25.0,-2.6050691114367845,4,25.0,-1.673960135803263,4,25.0,-0.8739826030640028,4,50.0,-1.1015932044218124,4,50.0,0.2780277148232264,4,50.0,3.6567660625280265,4,100.0,4.7025474613597735,4,25.0,0.8923390214405942,15.964518615496882,-5.800418808796141
OPEN,30m,3,2025-06-23 13:30:00,0.53,2025-06-23 15:30:00,0.53,0,0,0.0,0.0,0,0.0,0.0,0,0.0,0.0,0,0.0,0.0,0,0.0,0.0,0,0.0,0.0,0,0.0,0.0,0,0.0,0.0,0,0.0,0.0,0,0.0,0.0,0,0.0,0.0,0,0.0,0.0,0.0,0.0
OPEN,1h,13,2025-06-23 15:30:00,0.53,2025-06-23 15:30:00,0.53,0,6,100.0,2.3138398071085056,6,100.0,1.6732244967610175,6,66.66666666666666,2.8565106657834995,6,66.66666666666666,-0.050150578466736206,6,66.66666666666666,-2.1733580640977426,6,50.0,-0.9729100887454453,6,50.0,-2.859723088572034,6,50.0,-2.6000535717839908,6,0.0,-7.061503468298298,6,16.666666666666664,-10.863529373322656,6,16.666666666666664,-10.177403246262577,6,0.0,-16.66551392881419,10.254761688287866,-24.516419431168433
OPEN,2h,6,2025-06-17 11:30:00,0.56,2025-06-23 15:30:00,0.53,14,4,50.0,0.5160741278595471,4,25.0,0.2758669502928123,4,50.0,2.2300451094008897,4,75.0,3.123304740509459,4,50.0,-8.819384051725018,4,0.0,-12.549382504597116,4,0.0,-10.91574681381697,4,0.0,-12.131008729349029,4,0.0,-16.92486809127969,4,0.0,-13.004885879374854,4,0.0,-18.528074505547973,4,0.0,-23.675518128136112,10.516630117868713,-29.295924967189045
OPEN,3h,6,2025-06-17 12:30:00,0.57,2025-06-23 15:30:00,0.53,10,3,33.33333333333333,-0.8235737264990549,3,0.0,-1.4491821392392765,3,33.33333333333333,-3.98304048685273,3,0.0,-14.80670686569252,3,0.0,-16.306179563032916,3,33.33333333333333,-9.4152674377238,3,0.0,-17.757966218449386,3,0.0,-12.856340781527544,3,0.0,-20.633584475936797,3,0.0,-18.861619016914453,3,0.0,-25.581401552111313,3,0.0,-31.23984105150991,14.23235108761967,-35.788379023220834
OPEN,4h,5,2025-06-17 13:30:00,0.57,2025-06-23 13:30:00,0.53,0,0,0.0,0.0,0,0.0,0.0,0,0.0,0.0,0,0.0,0.0,0,0.0,0.0,0,0.0,0.0,0,0.0,0.0,0,0.0,0.0,0,0.0,0.0,0,0.0,0.0,0,0.0,0.0,0,0.0,0.0,0.0,0.0
OPEN,1d,8,2025-06-04 00:00:00,0.63,2025-06-23 00:00:00,0.53,12,2,50.0,11.49732567140471,2,50.0,18.2887661099459,2,50.0,13.636364246574484,2,50.0,-0.4812859959132343,2,50.0,10.668448566173423,2,50.0,5.106953111851646,2,50.0,2.7005319257982663,2,0.0,-13.556153460701658,2,0.0,-19.812835127301852,2,0.0,-22.21925312594108,2,0.0,-24.86630959453397,2,0.0,-40.473260781187435,37.647049913769614,-45.11764694332665
OPEN,1w,0,,,2025-06-29 00:00:00,0.53,0,0,0.0,0.0,0,0.0,0.0,0,0.0,0.0,0,0.0,0.0,0,0.0,0.0,0,0.0,0.0,0,0.0,0.0,0,0.0,0.0,0,0.0,0.0,0,0.0,0.0,0,0.0,0.0,0,0.0,0.0,0.0,0.0
OXY,5m,10,2025-06-18 15:30:00,45.42,2025-06-23 15:55:00,43.96,161,10,80.0,0.1063391549416213,10,60.0,0.14142088221620633,10,70.0,0.2992066439392535,10,60.0,0.3915842747670114,10,70.0,0.5471092807462828,10,80.0,0.6936774852701146,10,90.0,0.7963484939695931,10,80.0,0.7161195509296776,10,90.0,0.8379066909119623,10,90.0,1.137122675472883,10,80.0,0.9689924276865722,10,70.0,0.9315967450991813,3.6751805328202076,-1.5573658526195104
OXY,10m,5,2025-06-06 09:30:00,42.65,2025-06-23 15:50:00,43.96,428,5,40.0,0.10155015511528243,5,20.0,0.004196555985443423,5,20.0,-0.24222864753589687,5,60.0,0.1743172597605932,5,40.0,0.03443425963406406,5,40.0,0.07834883494138084,5,60.0,0.48795481300840227,5,80.0,0.7965810226694444,5,80.0,1.1412798441203145,5,60.0,1.0080375718203374,5,100.0,2.8721406035306805,5,80.0,3.483913320785235,5.425056961201433,-1.2401446447903632
OXY,15m,1,2025-06-18 15:30:00,45.5,2025-06-23 15:45:00,43.96,0,0,0.0,0.0,0,0.0,0.0,0,0.0,0.0,0,0.0,0.0,0,0.0,0.0,0,0.0,0.0,0,0.0,0.0,0,0.0,0.0,0,0.0,0.0,0,0.0,0.0,0,0.0,0.0,0,0.0,0.0,0.0,0.0
OXY,30m,0,,,2025-06-23 15:30:00,43.96,0,0,0.0,0.0,0,0.0,0.0,0,0.0,0.0,0,0.0,0.0,0,0.0,0.0,0,0.0,0.0,0,0.0,0.0,0,0.0,0.0,0,0.0,0.0,0,0.0,0.0,0,0.0,0.0,0,0.0,0.0,0.0,0.0
OXY,1h,1,2025-04-09 10:30:00,35.91,2025-06-23 15:30:00,43.96,355,1,100.0,12.478762826625948,1,100.0,12.033192508197684,1,100.0,2.6998843873405463,1,100.0,1.228099007269373,1,100.0,6.3243194835748335,1,100.0,5.739510432494179,1,100.0,5.252158933359282,1,100.0,7.104064885015705,1,100.0,7.577489323915057,1,100.0,11.267374166992356,1,100.0,12.074963065669966,1,100.0,9.443311712572672,12.478762826625948,1.228099007269373
OXY,2h,0,,,2025-06-23 15:30:00,43.96,0,0,0.0,0.0,0,0.0,0.0,0,0.0,0.0,0,0.0,0.0,0,0.0,0.0,0,0.0,0.0,0,0.0,0.0,0,0.0,0.0,0,0.0,0.0,0,0.0,0.0,0,0.0,0.0,0,0.0,0.0,0.0,0.0
OXY,3h,1,2025-06-02 09:30:00,41.58,2025-06-23 15:30:00,43.96,0,0,0.0,0.0,0,0.0,0.0,0,0.0,0.0,0,0.0,0.0,0,0.0,0.0,0,0.0,0.0,0,0.0,0.0,0,0.0,0.0,0,0.0,0.0,0,0.0,0.0,0,0.0,0.0,0,0.0,0.0,0.0,0.0
OXY,4h,0,,,2025-06-23 13:30:00,43.96,0,0,0.0,0.0,0,0.0,0.0,0,0.0,0.0,0,0.0,0.0,0,0.0,0.0,0,0.0,0.0,0,0.0,0.0,0,0.0,0.0,0,0.0,0.0,0,0.0,0.0,0,0.0,0.0,0,0.0,0.0,0.0,0.0
OXY,1d,5,2025-03-14 00:00:00,46.27,2025-06-23 00:00:00,43.95,68,3,66.66666666666666,0.9174262221879176,3,66.66666666666666,0.954063914876991,3,66.66666666666666,0.4101914158998288,3,33.33333333333333,0.5218599019237727,3,33.33333333333333,-0.6180785068253177,3,33.33333333333333,-3.437386886591929,3,0.0,-3.240643968873467,3,33.33333333333333,-1.047140904632764,3,66.66666666666666,-2.602584419860411,3,33.33333333333333,-5.438410396479888,3,0.0,-14.093860025804872,3,0.0,-6.648913558626312,11.818360381133509,-17.94333612517716
OXY,1w,0,,,2025-06-29 00:00:00,43.95,0,0,0.0,0.0,0,0.0,0.0,0,0.0,0.0,0,0.0,0.0,0,0.0,0.0,0,0.0,0.0,0,0.0,0.0,0,0.0,0.0,0,0.0,0.0,0,0.0,0.0,0,0.0,0.0,0,0.0,0.0,0.0,0.0
PANW,5m,9,2025-06-20 15:10:00,198.13,2025-06-23 15:55:00,203.33,87,8,25.0,-0.16731917307266242,8,12.5,-0.2861849511705378,8,25.0,-0.21213282287930063,8,12.5,-0.22489759394694603,8,37.5,-0.1452070062065351,8,37.5,0.03774306091273304,8,50.0,0.14438223190205582,8,37.5,0.28029082930906746,8,37.5,0.026419467043315742,8,37.5,-0.08221352025104395,8,62.5,0.3031735872441447,8,62.5,0.8500875408201676,3.2566714027966603,-1.399260953503434
PANW,10m,2,2025-06-20 15:50:00,199.24,2025-06-23 15:50:00,203.33,0,0,0.0,0.0,0,0.0,0.0,0,0.0,0.0,0,0.0,0.0,0,0.0,0.0,0,0.0,0.0,0,0.0,0.0,0,0.0,0.0,0,0.0,0.0,0,0.0,0.0,0,0.0,0.0,0,0.0,0.0,0.0,0.0
PANW,15m,1,2025-06-12 09:30:00,197.65,2025-06-23 15:45:00,203.33,181,1,0.0,-0.39209425578441315,1,0.0,-0.4376340079969009,1,100.0,0.3210633590040945,1,100.0,0.48316604029885935,1,0.0,-0.02393172264090728,1,100.0,0.02783027745821637,1,0.0,-0.01987876961301169,1,100.0,0.2807963056831357,1,0.0,-0.6804792335178752,1,100.0,0.9992188994526429,1,100.0,1.1257019135651025,1,100.0,2.1906867308170646,2.1906867308170646,-0.6804792335178752
PANW,30m,1,2025-06-12 09:30:00,196.92,2025-06-23 15:30:00,203.33,0,0,0.0,0.0,0,0.0,0.0,0,0.0,0.0,0,0.0,0.0,0,0.0,0.0,0,0.0,0.0,0,0.0,0.0,0,0.0,0.0,0,0.0,0.0,0,0.0,0.0,0,0.0,0.0,0,0.0,0.0,0.0,0.0
PANW,1h,0,,,2025-06-23 15:30:00,203.33,0,0,0.0,0.0,0,0.0,0.0,0,0.0,0.0,0,0.0,0.0,0,0.0,0.0,0,0.0,0.0,0,0.0,0.0,0,0.0,0.0,0,0.0,0.0,0,0.0,0.0,0,0.0,0.0,0,0.0,0.0,0.0,0.0
PANW,2h,0,,,2025-06-23 15:30:00,203.33,0,0,0.0,0.0,0,0.0,0.0,0,0.0,0.0,0,0.0,0.0,0,0.0,0.0,0,0.0,0.0,0,0.0,0.0,0,0.0,0.0,0,0.0,0.0,0,0.0,0.0,0,0.0,0.0,0,0.0,0.0,0.0,0.0
PANW,3h,0,,,2025-06-23 15:30:00,203.33,0,0,0.0,0.0,0,0.0,0.0,0,0.0,0.0,0,0.0,0.0,0,0.0,0.0,0,0.0,0.0,0,0.0,0.0,0,0.0,0.0,0,0.0,0.0,0,0.0,0.0,0,0.0,0.0,0,0.0,0.0,0.0,0.0
PANW,4h,0,,,2025-06-23 13:30:00,203.33,0,0,0.0,0.0,0,0.0,0.0,0,0.0,0.0,0,0.0,0.0,0,0.0,0.0,0,0.0,0.0,0,0.0,0.0,0,0.0,0.0,0,0.0,0.0,0,0.0,0.0,0,0.0,0.0,0,0.0,0.0,0.0,0.0
PANW,1d,0,,,2025-06-23 00:00:00,203.32,0,0,0.0,0.0,0,0.0,0.0,0,0.0,0.0,0,0.0,0.0,0,0.0,0.0,0,0.0,0.0,0,0.0,0.0,0,0.0,0.0,0,0.0,0.0,0,0.0,0.0,0,0.0,0.0,0,0.0,0.0,0.0,0.0
PANW,1w,0,,,2025-06-29 00:00:00,203.32,0,0,0.0,0.0,0,0.0,0.0,0,0.0,0.0,0,0.0,0.0,0,0.0,0.0,0,0.0,0.0,0,0.0,0.0,0,0.0,0.0,0,0.0,0.0,0,0.0,0.0,0,0.0,0.0,0,0.0,0.0,0.0,0.0
PHUN,5m,26,2025-06-23 15:45:00,2.88,2025-06-23 15:55:00,2.86,2,23,34.78260869565217,-0.2389947971781814,23,43.47826086956522,-0.18036856274316648,23,39.130434782608695,-0.18316060195292305,23,39.130434782608695,-0.211648543278268,23,34.78260869565217,-0.4236073791825549,23,34.78260869565217,-0.5212061215613482,23,39.130434782608695,-0.5500416039748263,23,39.130434782608695,-1.01791769167721,23,34.78260869565217,-1.633722557049011,23,30.434782608695656,-1.693077241167421,23,30.434782608695656,-1.4248033136906562,23,26.08695652173913,-1.8995528979774654,12.654323599502412,-8.645531695757283
PHUN,10m,21,2025-06-23 13:20:00,2.93,2025-06-23 15:50:00,2.86,15,16,43.75,-0.055391062515397535,16,43.75,0.0725111783751643,16,43.75,-0.14274248904902578,16,37.5,-0.3470418715466943,16,50.0,-0.5752824148026808,16,43.75,-0.9167365550258195,16,43.75,-1.139482206005219,16,50.0,-0.7784982739399173,16,37.5,-1.1387488352293158,16,43.75,-0.7092478393563023,16,43.75,0.18143979105234692,16,43.75,0.13312494065674796,11.969117408567252,-8.469541902614266
PHUN,15m,14,2025-06-23 15:15:00,2.9,2025-06-23 15:45:00,2.86,2,6,33.33333333333333,0.0478012131927793,6,50.0,0.6845828489602113,6,83.33333333333334,0.7512003641723668,6,50.0,0.1653171931337225,6,50.0,0.12972622276774826,6,50.0,0.7993955715848222,6,66.66666666666666,0.653007351058761,6,33.33333333333333,0.3187797739432105,6,66.66666666666666,1.8063027645997227,6,50.0,1.8994832181241161,6,33.33333333333333,2.244101502826497,6,33.33333333333333,1.9481614336521569,12.751673610407725,-4.137936380372286
PHUN,30m,2,2025-06-20 12:30:00,3.05,2025-06-23 15:30:00,2.86,19,1,0.0,-1.1824353168792296,1,100.0,0.9864890770462517,1,100.0,0.5067522396042251,1,0.0,-0.1689227829891568,1,100.0,1.3513500451867637,1,100.0,0.33783751129669093,1,100.0,0.6249949658239858,1,100.0,1.0135125338900728,1,100.0,0.45945514911632085,1,100.0,11.824320950065808,1,100.0,9.797295882285662,1,100.0,18.918916741977938,18.918916741977938,-1.1824353168792296
PHUN,1h,1,2025-06-20 13:30:00,3.06,2025-06-23 15:30:00,2.86,0,0,0.0,0.0,0,0.0,0.0,0,0.0,0.0,0,0.0,0.0,0,0.0,0.0,0,0.0,0.0,0,0.0,0.0,0,0.0,0.0,0,0.0,0.0,0,0.0,0.0,0,0.0,0.0,0,0.0,0.0,0.0,0.0
PHUN,2h,1,2025-06-06 09:30:00,3.33,2025-06-23 15:30:00,2.86,0,0,0.0,0.0,0,0.0,0.0,0,0.0,0.0,0,0.0,0.0,0,0.0,0.0,0,0.0,0.0,0,0.0,0.0,0,0.0,0.0,0,0.0,0.0,0,0.0,0.0,0,0.0,0.0,0,0.0,0.0,0.0,0.0
PHUN,3h,1,2025-06-06 09:30:00,3.31,2025-06-23 15:30:00,2.86,0,0,0.0,0.0,0,0.0,0.0,0,0.0,0.0,0,0.0,0.0,0,0.0,0.0,0,0.0,0.0,0,0.0,0.0,0,0.0,0.0,0,0.0,0.0,0,0.0,0.0,0,0.0,0.0,0,0.0,0.0,0.0,0.0
PHUN,4h,0,,,2025-06-23 13:30:00,2.86,0,0,0.0,0.0,0,0.0,0.0,0,0.0,0.0,0,0.0,0.0,0,0.0,0.0,0,0.0,0.0,0,0.0,0.0,0,0.0,0.0,0,0.0,0.0,0,0.0,0.0,0,0.0,0.0,0,0.0,0.0,0.0,0.0
PHUN,1d,6,2025-04-11 00:00:00,2.61,2025-06-23 00:00:00,2.86,48,1,100.0,1.8292665641127552,1,100.0,3.6585403970846935,1,100.0,16.463413614733163,1,100.0,128.04878305849897,1,100.0,158.53657366476327,1,100.0,115.54878760153598,1,100.0,95.73171135040357,1,100.0,34.14634554106735,1,100.0,39.939030262950254,1,100.0,18.59756520839056,1,100.0,34.14634554106735,1,100.0,7.317073525310204,158.53657366476327,1.8292665641127552
PHUN,1w,0,,,2025-06-29 00:00:00,2.86,0,0,0.0,0.0,0,0.0,0.0,0,0.0,0.0,0,0.0,0.0,0,0.0,0.0,0,0.0,0.0,0,0.0,0.0,0,0.0,0.0,0,0.0,0.0,0,0.0,0.0,0,0.0,0.0,0,0.0,0.0,0.0,0.0
PLTR,5m,6,2025-06-20 10:35:00,138.8,2025-06-23 15:55:00,139.9,142,6,50.0,0.13358372784195052,6,50.0,-0.0981419380887627,6,33.33333333333333,0.31676662247191095,6,66.66666666666666,1.0304219341936318,6,66.66666666666666,0.7725436101263964,6,66.66666666666666,0.9186660764935333,6,50.0,0.9979747281063288,6,50.0,1.0611531287448603,6,66.66666666666666,1.374392192240851,6,66.66666666666666,1.4029469786442057,6,100.0,3.135452305598056,6,83.33333333333334,3.1080241954356995,6.153406319896406,-1.077162162827031
PLTR,10m,6,2025-06-18 15:30:00,139.42,2025-06-23 15:50:00,139.9,80,4,50.0,0.2868214905295847,4,50.0,0.25061551926505976,4,100.0,1.4211594272345536,4,100.0,3.042197149789391,4,100.0,3.539509307086567,4,100.0,3.217425521124714,4,100.0,2.066756549926023,4,100.0,3.3111584704922565,4,100.0,5.48946680126216,4,100.0,5.577570756484238,4,100.0,5.048693528068947,4,100.0,3.789834357172567,7.180649624642242,-0.6349422661742478
PLTR,15m,3,2025-05-29 15:30:00,122.37,2025-06-23 15:45:00,139.9,417,3,66.66666666666666,0.17955064298157905,3,66.66666666666666,1.459100612243783,3,33.33333333333333,1.5736626366145512,3,33.33333333333333,0.16568980100244599,3,66.66666666666666,2.244576302461965,3,100.0,4.954327907130715,3,100.0,3.8860421571267607,3,100.0,4.673156230167053,3,100.0,6.533381281266656,3,100.0,6.958542870555239,3,100.0,6.546664440783567,3,100.0,5.166840203269193,7.640941405379577,-0.9399002998419689
PLTR,30m,2,2025-06-20 14:00:00,138.49,2025-06-23 15:30:00,139.9,16,1,100.0,6.224020141601062,1,100.0,3.477195876995773,1,100.0,3.436563760550837,1,100.0,6.156349650420903,1,100.0,7.736156159536849,1,100.0,7.499992855208883,1,100.0,7.084687892536377,1,100.0,3.7377819412235933,1,100.0,6.511402278952278,1,0.0,-1.0457675437860758,1,100.0,3.9413649980535106,1,100.0,7.935663578998589,7.935663578998589,-1.0457675437860758
PLTR,1h,1,2025-05-30 09:30:00,128.06,2025-06-23 15:30:00,139.9,111,1,0.0,-3.31545843711306,1,100.0,0.5360681614760122,1,100.0,3.308047301631784,1,100.0,2.417865078253012,1,100.0,3.940543629426068,1,100.0,2.043042731034404,1,100.0,1.4807496351624303,1,0.0,-0.4742947982884328,1,100.0,2.183604089993585,1,100.0,6.404162341518468,1,100.0,11.811002700417598,1,100.0,8.110343943410381,11.811002700417598,-3.31545843711306
PLTR,2h,0,,,2025-06-23 15:30:00,139.9,0,0,0.0,0.0,0,0.0,0.0,0,0.0,0.0,0,0.0,0.0,0,0.0,0.0,0,0.0,0.0,0,0.0,0.0,0,0.0,0.0,0,0.0,0.0,0,0.0,0.0,0,0.0,0.0,0,0.0,0.0,0.0,0.0
PLTR,3h,1,2025-06-06 12:30:00,127.46,2025-06-23 15:30:00,139.9,0,0,0.0,0.0,0,0.0,0.0,0,0.0,0.0,0,0.0,0.0,0,0.0,0.0,0,0.0,0.0,0,0.0,0.0,0,0.0,0.0,0,0.0,0.0,0,0.0,0.0,0,0.0,0.0,0,0.0,0.0,0.0,0.0
PLTR,4h,0,,,2025-06-23 13:30:00,139.9,0,0,0.0,0.0,0,0.0,0.0,0,0.0,0.0,0,0.0,0.0,0,0.0,0.0,0,0.0,0.0,0,0.0,0.0,0,0.0,0.0,0,0.0,0.0,0,0.0,0.0,0,0.0,0.0,0,0.0,0.0,0.0,0.0
PLTR,1d,1,2025-04-09 00:00:00,92.01,2025-06-23 00:00:00,139.92,0,0,0.0,0.0,0,0.0,0.0,0,0.0,0.0,0,0.0,0.0,0,0.0,0.0,0,0.0,0.0,0,0.0,0.0,0,0.0,0.0,0,0.0,0.0,0,0.0,0.0,0,0.0,0.0,0,0.0,0.0,0.0,0.0
PLTR,1w,0,,,2025-06-29 00:00:00,139.92,0,0,0.0,0.0,0,0.0,0.0,0,0.0,0.0,0,0.0,0.0,0,0.0,0.0,0,0.0,0.0,0,0.0,0.0,0,0.0,0.0,0,0.0,0.0,0,0.0,0.0,0,0.0,0.0,0,0.0,0.0,0.0,0.0
PYPL,5m,10,2025-06-18 09:55:00,70.37,2025-06-23 15:55:00,72.01,228,10,70.0,0.18946890798155,10,70.0,0.40712430348767503,10,80.0,0.49441526809252645,10,100.0,0.6079338897449289,10,90.0,0.5732054443405374,10,90.0,0.5496956046767394,10,80.0,0.5047433513798835,10,70.0,0.11091244967277433,10,60.0,0.2251958381164997,10,60.0,0.11980589274485967,10,40.0,0.1363406660800963,10,40.0,0.12269912000575503,2.1527408310483205,-3.4531763682413805
PYPL,10m,4,2025-06-02 10:40:00,69.81,2025-06-23 15:50:00,72.01,577,4,100.0,0.22431620281455342,4,100.0,0.2834753738243242,4,75.0,0.38075539925862456,4,75.0,0.12501987283312846,4,50.0,0.21987081255952823,4,75.0,0.490825365607054,4,75.0,0.7549836927733192,4,75.0,0.5836460256182013,4,75.0,1.11483634841136,4,100.0,1.1718860939384383,4,100.0,2.6336073941044367,4,100.0,3.0650998850571973,4.617014925993003,-0.9941128573959294
PYPL,15m,5,2025-06-18 15:30:00,68.58,2025-06-23 15:45:00,72.01,53,2,50.0,-0.06370258422186925,2,50.0,-0.2083986581170051,2,50.0,-0.1827752165577338,2,50.0,0.16238687259104856,2,50.0,0.27796635608674886,2,50.0,0.084592923467945,2,50.0,0.4659261756897286,2,100.0,0.8641474070159324,2,100.0,1.6283483628090014,2,100.0,2.2752826840831437,2,100.0,4.164372491679213,2,100.0,3.867754488071503,4.873611615909781,-0.8513635858274156
PYPL,30m,3,2025-06-20 09:30:00,69.94,2025-06-23 15:30:00,72.01,25,1,100.0,0.2643388683008553,1,100.0,0.48581315271194797,1,100.0,1.3860130202808785,1,100.0,1.371721191827298,1,100.0,1.6360600601281534,1,100.0,3.0935213212059556,1,100.0,3.450882441371344,1,100.0,4.873611615909781,1,100.0,4.408086100689911,1,100.0,5.036795734995706,1,100.0,6.579975262382054,1,100.0,6.408516926823003,6.579975262382054,0.2643388683008553
PYPL,1h,3,2025-06-18 09:30:00,71.13,2025-06-23 15:30:00,72.01,20,2,50.0,0.026278165495075057,2,50.0,0.1534729784801611,2,100.0,1.0677280586283107,2,100.0,2.3027491904970043,2,100.0,3.814251232220381,2,100.0,3.7970511047335846,2,100.0,4.154828107874733,2,100.0,5.300164039130966,2,100.0,6.3935295718083776,2,100.0,6.5364156420403186,2,100.0,1.144373432645758,2,100.0,1.9417092243272913,6.62491755752381,-0.7241262729243372
PYPL,2h,1,2025-06-02 11:30:00,70.32,2025-06-23 15:30:00,72.01,0,0,0.0,0.0,0,0.0,0.0,0,0.0,0.0,0,0.0,0.0,0,0.0,0.0,0,0.0,0.0,0,0.0,0.0,0,0.0,0.0,0,0.0,0.0,0,0.0,0.0,0,0.0,0.0,0,0.0,0.0,0.0,0.0
PYPL,3h,0,,,2025-06-23 15:30:00,72.01,0,0,0.0,0.0,0,0.0,0.0,0,0.0,0.0,0,0.0,0.0,0,0.0,0.0,0,0.0,0.0,0,0.0,0.0,0,0.0,0.0,0,0.0,0.0,0,0.0,0.0,0,0.0,0.0,0,0.0,0.0,0.0,0.0
PYPL,4h,0,,,2025-06-23 13:30:00,72.01,0,0,0.0,0.0,0,0.0,0.0,0,0.0,0.0,0,0.0,0.0,0,0.0,0.0,0,0.0,0.0,0,0.0,0.0,0,0.0,0.0,0,0.0,0.0,0,0.0,0.0,0,0.0,0.0,0,0.0,0.0,0.0,0.0
PYPL,1d,2,2025-04-11 00:00:00,62.59,2025-06-23 00:00:00,72.01,0,0,0.0,0.0,0,0.0,0.0,0,0.0,0.0,0,0.0,0.0,0,0.0,0.0,0,0.0,0.0,0,0.0,0.0,0,0.0,0.0,0,0.0,0.0,0,0.0,0.0,0,0.0,0.0,0,0.0,0.0,0.0,0.0
PYPL,1w,0,,,2025-06-29 00:00:00,72.01,0,0,0.0,0.0,0,0.0,0.0,0,0.0,0.0,0,0.0,0.0,0,0.0,0.0,0,0.0,0.0,0,0.0,0.0,0,0.0,0.0,0,0.0,0.0,0,0.0,0.0,0,0.0,0.0,0,0.0,0.0,0.0,0.0
QCOM,5m,7,2025-06-23 11:45:00,151.36,2025-06-23 15:55:00,153.14,50,6,66.66666666666666,-0.2397028147504668,6,66.66666666666666,-0.2318023619120857,6,66.66666666666666,-0.16292591001457524,6,66.66666666666666,-0.21631496185586496,6,66.66666666666666,-0.14482499138546587,6,66.66666666666666,-0.030304946127087434,6,50.0,-0.003976494505671983,6,50.0,-0.05202200942746793,6,66.66666666666666,-0.13742125063640465,6,33.33333333333333,-0.43531833054184293,6,16.666666666666664,-0.5410087971818535,6,0.0,-1.0332681490106241,0.8278352216521256,-1.927203285145138
QCOM,10m,7,2025-06-23 13:00:00,151.02,2025-06-23 15:50:00,153.14,17,4,50.0,0.18240859961552502,4,50.0,0.05962205671332499,4,75.0,0.2548407244834189,4,75.0,0.1352543105224971,4,50.0,0.16729886549365613,4,25.0,-0.34865696495192783,4,25.0,-0.6064120434374591,4,50.0,-0.009309245883373174,4,50.0,1.121330138468303,4,50.0,0.6993421063926858,4,50.0,1.4105879635555576,4,50.0,2.4890127025323903,7.210251109912434,-3.1022569619469347
QCOM,15m,6,2025-06-23 13:00:00,151.26,2025-06-23 15:45:00,153.14,11,1,0.0,-0.465806987493428,1,100.0,0.06701574578564228,1,0.0,-0.6702188182218605,1,0.0,-0.8880378887984505,1,0.0,-1.0086825939767234,1,0.0,-0.5797429593838356,1,0.0,-1.6453884259419762,1,0.0,-3.3242898381405603,1,0.0,-1.973799328492614,1,0.0,-2.4965691885674595,1,0.0,-1.052248453437556,1,0.0,-0.35219827088535544,0.06701574578564228,-3.3242898381405603
QCOM,30m,2,2025-06-18 11:30:00,155.11,2025-06-23 15:30:00,153.14,0,0,0.0,0.0,0,0.0,0.0,0,0.0,0.0,0,0.0,0.0,0,0.0,0.0,0,0.0,0.0,0,0.0,0.0,0,0.0,0.0,0,0.0,0.0,0,0.0,0.0,0,0.0,0.0,0,0.0,0.0,0.0,0.0
QCOM,1h,0,,,2025-06-23 15:30:00,153.14,0,0,0.0,0.0,0,0.0,0.0,0,0.0,0.0,0,0.0,0.0,0,0.0,0.0,0,0.0,0.0,0,0.0,0.0,0,0.0,0.0,0,0.0,0.0,0,0.0,0.0,0,0.0,0.0,0,0.0,0.0,0.0,0.0
QCOM,2h,0,,,2025-06-23 15:30:00,153.14,0,0,0.0,0.0,0,0.0,0.0,0,0.0,0.0,0,0.0,0.0,0,0.0,0.0,0,0.0,0.0,0,0.0,0.0,0,0.0,0.0,0,0.0,0.0,0,0.0,0.0,0,0.0,0.0,0,0.0,0.0,0.0,0.0
QCOM,3h,0,,,2025-06-23 15:30:00,153.14,0,0,0.0,0.0,0,0.0,0.0,0,0.0,0.0,0,0.0,0.0,0,0.0,0.0,0,0.0,0.0,0,0.0,0.0,0,0.0,0.0,0,0.0,0.0,0,0.0,0.0,0,0.0,0.0,0,0.0,0.0,0.0,0.0
QCOM,4h,0,,,2025-06-23 13:30:00,153.14,0,0,0.0,0.0,0,0.0,0.0,0,0.0,0.0,0,0.0,0.0,0,0.0,0.0,0,0.0,0.0,0,0.0,0.0,0,0.0,0.0,0,0.0,0.0,0,0.0,0.0,0,0.0,0.0,0,0.0,0.0,0.0,0.0
QCOM,1d,1,2024-12-23 00:00:00,156.45,2025-06-23 00:00:00,153.14,122,1,0.0,-0.6319485569784599,1,0.0,-2.9196130615900895,1,100.0,0.5308387384709253,1,100.0,2.0159251621541276,1,100.0,8.765168911037403,1,100.0,9.283357950019155,1,100.0,6.142565331747878,1,100.0,1.8073855519170197,1,0.0,-1.5320668419093808,1,100.0,1.7082653546090159,1,0.0,-11.850291147902198,1,0.0,-2.26907520065915,9.283357950019155,-11.850291147902198
QCOM,1w,4,2025-05-11 00:00:00,144.31,2025-06-29 00:00:00,153.14,0,0,0.0,0.0,0,0.0,0.0,0,0.0,0.0,0,0.0,0.0,0,0.0,0.0,0,0.0,0.0,0,0.0,0.0,0,0.0,0.0,0,0.0,0.0,0,0.0,0.0,0,0.0,0.0,0,0.0,0.0,0.0,0.0
QMCO,5m,22,2025-06-18 13:50:00,9.83,2025-06-23 15:55:00,8.2,180,22,50.0,-0.08579633702334451,22,50.0,-0.1806313001354707,22,45.45454545454545,-0.11794199454037861,22,31.818181818181817,-0.283222217361626,22,40.909090909090914,-0.20078013853370374,22,40.909090909090914,-0.07281870506411586,22,40.909090909090914,-0.0640846713230783,22,31.818181818181817,-0.4864186716532279,22,40.909090909090914,-1.0465475812692744,22,31.818181818181817,-1.4770809052479215,22,31.818181818181817,-2.3563246568962497,22,31.818181818181817,-3.651135221165483,17.56868956257874,-15.349591412589353
QMCO,10m,12,2025-06-20 09:30:00,9.92,2025-06-23 15:50:00,8.2,77,8,25.0,-0.3146243159814068,8,25.0,-0.4398651150479705,8,37.5,0.1322785753907827,8,75.0,0.4611280813818762,8,62.5,0.1391738207843987,8,62.5,0.26549443631096675,8,62.5,0.4600967902146371,8,62.5,1.327529466256233,8,62.5,1.393021062768923,8,87.5,2.079721822307461,8,87.5,3.08554437431472,8,87.5,2.9957320187282686,7.833650425427281,-7.236224236880233
QMCO,15m,6,2025-06-20 09:30:00,9.98,2025-06-23 15:45:00,8.2,51,3,66.66666666666666,0.3842033601272417,3,66.66666666666666,1.1488492326888664,3,100.0,2.24095792629533,3,66.66666666666666,0.9016477984498016,3,66.66666666666666,2.3461462289488075,3,66.66666666666666,2.57644046855423,3,66.66666666666666,2.8528588875856333,3,100.0,3.085726946768793,3,100.0,3.57448094141411,3,100.0,3.0538487262178546,3,33.33333333333333,-2.5047791361832603,3,0.0,-6.075566862951458,5.957636321978633,-6.677937167775901
QMCO,30m,3,2025-06-20 09:30:00,9.84,2025-06-23 15:30:00,8.2,0,0,0.0,0.0,0,0.0,0.0,0,0.0,0.0,0,0.0,0.0,0,0.0,0.0,0,0.0,0.0,0,0.0,0.0,0,0.0,0.0,0,0.0,0.0,0,0.0,0.0,0,0.0,0.0,0,0.0,0.0,0.0,0.0
QMCO,1h,9,2025-06-20 09:30:00,9.8,2025-06-23 15:30:00,8.2,13,7,42.857142857142854,-1.7471909287029068,7,42.857142857142854,-1.2538418531393933,7,28.57142857142857,-0.675538697208224,7,57.14285714285714,-1.1797945083147965,7,42.857142857142854,-1.1857782463583886,7,42.857142857142854,-2.0009564138188733,7,42.857142857142854,0.4400988813762097,7,42.857142857142854,0.3147965108694523,7,57.14285714285714,3.5932668270308983,7,71.42857142857143,7.619271259475531,7,71.42857142857143,0.472897813520692,7,71.42857142857143,4.148601508523855,22.862249427294994,-26.26989620277821
QMCO,2h,3,2025-06-16 09:30:00,10.29,2025-06-23 15:30:00,8.2,19,2,100.0,5.974054435522064,2,50.0,2.794716372998302,2,100.0,9.448974573981827,2,50.0,6.615891221810643,2,100.0,20.829065581306256,2,100.0,15.400794374216742,2,100.0,10.365478675101656,2,100.0,12.106101690065483,2,100.0,12.0508411222346,2,100.0,9.8558700031052,2,50.0,11.77572320366534,2,50.0,17.746674314709363,41.51524502645283,-6.021896397034108
QMCO,3h,2,2025-06-16 09:30:00,10.33,2025-06-23 15:30:00,8.2,14,1,100.0,4.737905881190255,1,100.0,13.911291369228277,1,100.0,14.416325365986937,1,100.0,12.348794073067989,1,100.0,11.59374743435654,1,100.0,9.274194246152184,1,100.0,14.616933448722797,1,100.0,11.643142379921157,1,100.0,5.248986865251396,1,100.0,28.931450236755413,1,100.0,20.368954671052546,1,100.0,9.627015285899445,28.931450236755413,4.737905881190255
QMCO,4h,1,2025-05-16 09:30:00,10.93,2025-06-23 13:30:00,8.2,0,0,0.0,0.0,0,0.0,0.0,0,0.0,0.0,0,0.0,0.0,0,0.0,0.0,0,0.0,0.0,0,0.0,0.0,0,0.0,0.0,0,0.0,0.0,0,0.0,0.0,0,0.0,0.0,0,0.0,0.0,0.0,0.0
QMCO,1d,4,2025-04-23 00:00:00,10.4,2025-06-23 00:00:00,8.19,41,1,0.0,-9.090911061310528,1,0.0,-9.090911061310528,1,0.0,-27.27272776532763,1,0.0,-29.545458239957238,1,0.0,-47.727274943974344,1,0.0,-56.250002031976486,1,0.0,-69.88636320533831,1,0.0,-58.63636334080342,1,0.0,-60.113637336522075,1,0.0,-58.40909083520085,1,0.0,-46.81818492156408,1,100.0,95.1136330016389,95.1136330016389,-69.88636320533831
QMCO,1w,0,,,2025-06-29 00:00:00,8.19,0,0,0.0,0.0,0,0.0,0.0,0,0.0,0.0,0,0.0,0.0,0,0.0,0.0,0,0.0,0.0,0,0.0,0.0,0,0.0,0.0,0,0.0,0.0,0,0.0,0.0,0,0.0,0.0,0,0.0,0.0,0.0,0.0
RDDT,5m,12,2025-06-23 13:55:00,135.54,2025-06-23 15:55:00,134.15,24,9,55.55555555555556,0.08766764932574479,9,55.55555555555556,0.1803948784614304,9,44.44444444444444,0.26922113939539727,9,55.55555555555556,0.25304213877761755,9,55.55555555555556,0.689383080627619,9,77.77777777777779,0.9214733394683784,9,66.66666666666666,1.2097405072050282,9,66.66666666666666,1.6647138660730616,9,100.0,1.9920178177220313,9,100.0,2.0642204830675137,9,100.0,3.0089055805022467,9,88.88888888888889,3.4068262432088456,7.336984207676402,-1.2990842279159562
RDDT,10m,4,2025-06-10 14:00:00,116.15,2025-06-23 15:50:00,134.15,323,4,75.0,0.09598264959811159,4,75.0,0.3682065523250634,4,75.0,0.510652852781306,4,75.0,1.4680778401633992,4,75.0,1.0361710465957976,4,100.0,1.5539630449223512,4,100.0,2.214511475808705,4,100.0,2.083305217255161,4,75.0,1.4349813600958885,4,50.0,0.7681188489122344,4,75.0,0.8397832063577251,4,50.0,1.4317609792882535,6.037091843868589,-1.6211519555170089
RDDT,15m,2,2025-06-13 10:45:00,115.9,2025-06-23 15:45:00,134.15,150,2,50.0,0.7843681198021608,2,100.0,1.4729656843377734,2,100.0,2.0298676341283084,2,100.0,1.782467676200437,2,100.0,1.6066697653295214,2,100.0,4.440277745440035,2,100.0,3.896698675856778,2,50.0,3.3709514586948455,2,100.0,9.070367340485017,2,100.0,7.683489265368204,2,100.0,11.546943248107072,2,100.0,15.021265521056414,24.57291025192471,-1.8862246653067893
RDDT,30m,2,2025-06-13 10:30:00,115.9,2025-06-23 15:30:00,134.15,0,0,0.0,0.0,0,0.0,0.0,0,0.0,0.0,0,0.0,0.0,0,0.0,0.0,0,0.0,0.0,0,0.0,0.0,0,0.0,0.0,0,0.0,0.0,0,0.0,0.0,0,0.0,0.0,0,0.0,0.0,0.0,0.0
RDDT,1h,1,2025-04-21 15:30:00,94.2,2025-06-23 15:30:00,134.15,301,1,100.0,7.834400341719134,1,100.0,6.815293000346158,1,100.0,14.16136348137545,1,100.0,16.934826664524174,1,100.0,18.205947007940885,1,100.0,26.746285043583928,1,100.0,24.79830293751137,1,100.0,29.88322976416423,1,100.0,28.322718863605694,1,100.0,24.087052204336253,1,100.0,11.571127260086717,1,100.0,19.862003524424026,29.88322976416423,6.815293000346158
RDDT,2h,0,,,2025-06-23 15:30:00,134.15,0,0,0.0,0.0,0,0.0,0.0,0,0.0,0.0,0,0.0,0.0,0,0.0,0.0,0,0.0,0.0,0,0.0,0.0,0,0.0,0.0,0,0.0,0.0,0,0.0,0.0,0,0.0,0.0,0,0.0,0.0,0.0,0.0
RDDT,3h,0,,,2025-06-23 15:30:00,134.15,0,0,0.0,0.0,0,0.0,0.0,0,0.0,0.0,0,0.0,0.0,0,0.0,0.0,0,0.0,0.0,0,0.0,0.0,0,0.0,0.0,0,0.0,0.0,0,0.0,0.0,0,0.0,0.0,0,0.0,0.0,0.0,0.0
RDDT,4h,0,,,2025-06-23 13:30:00,134.15,0,0,0.0,0.0,0,0.0,0.0,0,0.0,0.0,0,0.0,0.0,0,0.0,0.0,0,0.0,0.0,0,0.0,0.0,0,0.0,0.0,0,0.0,0.0,0,0.0,0.0,0,0.0,0.0,0,0.0,0.0,0.0,0.0
RDDT,1d,1,2025-04-09 00:00:00,110.86,2025-06-23 00:00:00,134.14,0,0,0.0,0.0,0,0.0,0.0,0,0.0,0.0,0,0.0,0.0,0,0.0,0.0,0,0.0,0.0,0,0.0,0.0,0,0.0,0.0,0,0.0,0.0,0,0.0,0.0,0,0.0,0.0,0,0.0,0.0,0.0,0.0
RDDT,1w,0,,,2025-06-29 00:00:00,134.14,0,0,0.0,0.0,0,0.0,0.0,0,0.0,0.0,0,0.0,0.0,0,0.0,0.0,0,0.0,0.0,0,0.0,0.0,0,0.0,0.0,0,0.0,0.0,0,0.0,0.0,0,0.0,0.0,0,0.0,0.0,0.0,0.0
RGTI,5m,17,2025-06-20 15:05:00,11.1,2025-06-23 15:55:00,10.81,88,16,62.5,0.02515791997402656,16,56.25,0.06861264291805808,16,56.25,0.025940559419992404,16,56.25,0.009712919099739287,16,62.5,0.13068539815827612,16,50.0,-0.05407357063849222,16,43.75,0.060932478242806565,16,62.5,0.10773300726088646,16,43.75,-0.4653732997665717,16,43.75,-1.0776062101118749,16,37.5,-0.9762173431782939,16,37.5,-0.5236233437256967,18.857902612248605,-10.68767559891266
RGTI,10m,12,2025-06-20 15:50:00,11.08,2025-06-23 15:50:00,10.81,39,6,50.0,0.18967991821177455,6,66.66666666666666,0.45174446770243254,6,83.33333333333334,1.9641949848994031,6,66.66666666666666,0.8497095573753694,6,66.66666666666666,1.6087501607038757,6,50.0,1.6417265486760797,6,33.33333333333333,-0.14700044730336556,6,50.0,0.6103806853505745,6,50.0,-1.380757583403908,6,50.0,-1.372645768621595,6,50.0,-1.9097793847500535,6,50.0,-1.5754010492250339,6.1131393609668585,-8.028325040484487
RGTI,15m,6,2025-06-20 14:00:00,11.23,2025-06-23 15:45:00,10.81,33,3,66.66666666666666,-1.1064159805520661,3,66.66666666666666,-0.5718037199991969,3,66.66666666666666,-0.6103134798872517,3,0.0,-1.8685372906424138,3,0.0,-5.1546212094115615,3,0.0,-4.230866799898195,3,0.0,-3.593484527546872,3,0.0,-6.023928199078352,3,0.0,-3.0586142013085365,3,0.0,-2.5484676231069066,3,0.0,-2.6420323226003437,3,0.0,-4.117753542125602,0.8776216085111928,-8.407265588102785
RGTI,30m,5,2025-06-20 11:00:00,11.3,2025-06-23 15:30:00,10.81,22,3,66.66666666666666,-0.49793490693659925,3,66.66666666666666,-0.6176629635232018,3,0.0,-1.9573843131721518,3,0.0,-1.570824428967785,3,0.0,-2.983635618546458,3,0.0,-5.4657827656955185,3,0.0,-5.699839650142248,3,33.33333333333333,0.4815140072384594,3,66.66666666666666,3.9708978171688494,3,66.66666666666666,0.06874073968279149,3,66.66666666666666,-4.416703297808529,3,66.66666666666666,-4.571592385656129,18.829743831241682,-19.95738267875467
RGTI,1h,4,2025-06-23 14:30:00,10.81,2025-06-23 15:30:00,10.81,1,2,100.0,3.430181887634684,2,100.0,3.5836187939775344,2,100.0,6.571551035148999,2,50.0,5.967155584425763,2,100.0,16.451376278238584,2,100.0,16.457610935513713,2,100.0,14.255497943228942,2,100.0,11.164409798443561,2,100.0,7.003310915034104,2,100.0,18.573083438806375,2,100.0,15.869252324007322,2,100.0,28.262301939436455,43.15796203593336,-1.374142810016523
RGTI,2h,1,2025-04-07 09:30:00,7.86,2025-06-23 15:30:00,10.81,211,1,100.0,5.718472983038841,1,100.0,2.728833461745624,1,100.0,18.949183249909325,1,100.0,19.71248669141735,1,100.0,14.644102824546671,1,100.0,8.962530808182127,1,100.0,1.8383087358231105,1,100.0,4.700714840212384,1,100.0,18.56751939666586,1,100.0,14.305703428696114,1,100.0,18.950445028812542,1,100.0,32.24350415898705,32.24350415898705,1.8383087358231105
RGTI,3h,1,2025-04-07 09:30:00,8.06,2025-06-23 15:30:00,10.81,158,1,100.0,4.215749166495699,1,0.0,-4.153745551638244,1,100.0,14.755122082734948,1,100.0,9.502794508301934,1,100.0,6.819593544339946,1,100.0,2.479860797834633,1,100.0,4.4637399762202215,1,100.0,15.499070862203219,1,100.0,9.857410014349458,1,100.0,15.62306626706548,1,100.0,44.26535442335219,1,100.0,76.81340323397895,76.81340323397895,-4.153745551638244
RGTI,4h,0,,,2025-06-23 13:30:00,10.81,0,0,0.0,0.0,0,0.0,0.0,0,0.0,0.0,0,0.0,0.0,0,0.0,0.0,0,0.0,0.0,0,0.0,0.0,0,0.0,0.0,0,0.0,0.0,0,0.0,0.0,0,0.0,0.0,0,0.0,0.0,0.0,0.0
RGTI,1d,1,2024-09-11 00:00:00,0.8,2025-06-23 00:00:00,10.79,194,1,100.0,2.2388067446953723,1,100.0,1.9900463211109714,1,0.0,-7.960200111469579,1,0.0,-4.975126923046699,1,0.0,-4.726373912975145,1,100.0,14.427859921971296,1,100.0,50.497513433655946,1,100.0,49.25373355627249,1,100.0,67.91044654405013,1,100.0,295.5223865106093,1,100.0,2326.6168834451955,1,100.0,1620.1492013941556,2326.6168834451955,-7.960200111469579
RGTI,1w,0,,,2025-06-29 00:00:00,10.79,0,0,0.0,0.0,0,0.0,0.0,0,0.0,0.0,0,0.0,0.0,0,0.0,0.0,0,0.0,0.0,0,0.0,0.0,0,0.0,0.0,0,0.0,0.0,0,0.0,0.0,0,0.0,0.0,0,0.0,0.0,0.0,0.0
RIVN,5m,15,2025-06-20 15:50:00,13.56,2025-06-23 15:55:00,13.64,79,14,50.0,-0.08308047262278222,14,28.57142857142857,-0.2545689992626298,14,35.714285714285715,-0.7242031173343878,14,21.428571428571427,-0.738636255531125,14,14.285714285714285,-1.0005039146520702,14,14.285714285714285,-0.7324150544225877,14,28.57142857142857,-0.6533035809971658,14,28.57142857142857,-0.9119344422985061,14,14.285714285714285,-1.3835453115389555,14,14.285714285714285,-1.7159401759435693,14,14.285714285714285,-2.4133172135061245,14,28.57142857142857,-2.3668352844788827,4.688273557828323,-5.804663264336603
RIVN,10m,8,2025-06-06 09:30:00,13.86,2025-06-23 15:50:00,13.64,428,8,25.0,-0.23522350421281854,8,37.5,-0.22404454638031823,8,50.0,-0.2893003623184772,8,25.0,-1.260971853366591,8,37.5,-2.010977893116725,8,25.0,-2.499659923550193,8,25.0,-2.415826925012933,8,25.0,-2.58863032376261,8,37.5,-1.215036966598895,8,25.0,-0.37416497950086336,8,37.5,0.5825095743734267,8,37.5,-0.5352780181857675,4.062748950958235,-6.255858996757153
RIVN,15m,6,2025-06-17 10:45:00,13.6,2025-06-23 15:45:00,13.64,98,5,60.0,0.10782946570867077,5,80.0,0.5107207995948754,5,40.0,0.07155495441274803,5,60.0,-0.04380035604642494,5,60.0,0.10825575859588692,5,60.0,0.41651009664576727,5,60.0,1.0267381670280211,5,100.0,2.0045086670620362,5,100.0,3.1246330736918453,5,100.0,2.822498834084324,5,100.0,3.940979777412406,5,100.0,2.6976043001073373,5.276267630834022,-1.7825312427794442
RIVN,30m,2,2025-06-06 10:30:00,13.94,2025-06-23 15:30:00,13.64,140,2,50.0,0.3203956580310506,2,0.0,-0.1074114322469926,2,50.0,-0.729804834649155,2,50.0,0.43168527675066426,2,100.0,1.8653466023123593,2,100.0,1.8631592253695606,2,100.0,2.218123744893086,2,100.0,3.25421542073219,2,100.0,2.152287539114911,2,50.0,0.4140315998717542,2,50.0,-1.967573906186337,2,0.0,-2.7032501898652814,4.1198387041472415,-4.04134887154996
RIVN,1h,2,2025-06-16 09:30:00,13.94,2025-06-23 15:30:00,13.64,0,0,0.0,0.0,0,0.0,0.0,0,0.0,0.0,0,0.0,0.0,0,0.0,0.0,0,0.0,0.0,0,0.0,0.0,0,0.0,0.0,0,0.0,0.0,0,0.0,0.0,0,0.0,0.0,0,0.0,0.0,0.0,0.0
RIVN,2h,2,2025-06-16 09:30:00,14.02,2025-06-23 15:30:00,13.64,0,0,0.0,0.0,0,0.0,0.0,0,0.0,0.0,0,0.0,0.0,0,0.0,0.0,0,0.0,0.0,0,0.0,0.0,0,0.0,0.0,0,0.0,0.0,0,0.0,0.0,0,0.0,0.0,0,0.0,0.0,0.0,0.0
RIVN,3h,2,2025-06-18 09:30:00,13.79,2025-06-23 15:30:00,13.64,0,0,0.0,0.0,0,0.0,0.0,0,0.0,0.0,0,0.0,0.0,0,0.0,0.0,0,0.0,0.0,0,0.0,0.0,0,0.0,0.0,0,0.0,0.0,0,0.0,0.0,0,0.0,0.0,0,0.0,0.0,0.0,0.0
RIVN,4h,2,2025-06-18 09:30:00,13.79,2025-06-23 13:30:00,13.64,0,0,0.0,0.0,0,0.0,0.0,0,0.0,0.0,0,0.0,0.0,0,0.0,0.0,0,0.0,0.0,0,0.0,0.0,0,0.0,0.0,0,0.0,0.0,0,0.0,0.0,0,0.0,0.0,0,0.0,0.0,0.0,0.0
RIVN,1d,1,2024-11-25 00:00:00,11.6,2025-06-23 00:00:00,13.65,141,1,100.0,5.431027069386875,1,100.0,2.4137907220975046,1,100.0,21.206896183181755,1,100.0,26.724132119404626,1,100.0,21.206896183181755,1,100.0,14.224134174737134,1,100.0,19.39655108627612,1,100.0,10.775861714597843,1,100.0,11.982752964981573,1,0.0,-1.2931083385497673,1,100.0,6.551717674264655,1,100.0,1.7241362300696461,26.724132119404626,-1.2931083385497673
RIVN,1w,0,,,2025-06-29 00:00:00,13.65,0,0,0.0,0.0,0,0.0,0.0,0,0.0,0.0,0,0.0,0.0,0,0.0,0.0,0,0.0,0.0,0,0.0,0.0,0,0.0,0.0,0,0.0,0.0,0,0.0,0.0,0,0.0,0.0,0,0.0,0.0,0.0,0.0
RKLB,5m,17,2025-06-13 15:50:00,25.34,2025-06-23 15:55:00,32.77,391,17,58.82352941176471,0.11209092035762419,17,52.94117647058824,0.07024664387317486,17,52.94117647058824,0.46101636493217835,17,47.05882352941176,0.5082300196604204,17,58.82352941176471,0.3261934694097194,17,47.05882352941176,-0.17449090511600446,17,47.05882352941176,-0.050795899493468466,17,58.82352941176471,0.0846607167607017,17,29.411764705882355,-0.6271021954218277,17,41.17647058823529,-0.7073008897142067,17,41.17647058823529,-0.38983808365563666,17,29.411764705882355,0.3936790169237867,20.26305995735625,-8.481691567699599
RKLB,10m,4,2025-06-13 15:00:00,25.62,2025-06-23 15:50:00,32.77,200,4,50.0,0.11978357104004264,4,50.0,-0.04064385475740237,4,75.0,0.5717365865748824,4,50.0,0.3651003648859977,4,75.0,-0.13780586743483175,4,50.0,-0.4890041888233966,4,50.0,-0.2575563637846432,4,50.0,-0.5196980419228107,4,50.0,-0.24228524519316963,4,50.0,-0.4467550600191308,4,50.0,-1.485733245728636,4,50.0,-0.014679722544343576,5.503512104702567,-5.372811359320493
RKLB,15m,4,2025-06-12 15:00:00,26.5,2025-06-23 15:45:00,32.77,159,4,0.0,-0.7609469703874758,4,0.0,-1.0332354283529106,4,0.0,-1.517882282727771,4,0.0,-1.889732552777409,4,0.0,-2.0027628272249958,4,0.0,-2.799403125191727,4,0.0,-2.6386987968376694,4,0.0,-2.999965071552735,4,0.0,-2.7665229001882743,4,50.0,-1.4950600348317136,4,0.0,-1.5066737952644846,4,100.0,2.050801545650854,4.24448230756881,-5.320724888679649
RKLB,30m,5,2025-06-16 09:30:00,26.09,2025-06-23 15:30:00,32.77,64,1,100.0,5.632204783274221,1,100.0,6.705352450703275,1,100.0,8.46720762645296,1,100.0,21.886218200251637,1,100.0,16.140617917512706,1,100.0,14.080515563078086,1,100.0,4.819503391446844,1,100.0,3.3464361563799496,1,100.0,3.137402858059736,1,100.0,0.28350316823189897,1,0.0,-1.190703212874888,1,0.0,-1.3986045749402722,21.886218200251637,-1.3986045749402722
RKLB,1h,1,2025-06-05 15:30:00,26.45,2025-06-23 15:30:00,32.77,0,0,0.0,0.0,0,0.0,0.0,0,0.0,0.0,0,0.0,0.0,0,0.0,0.0,0,0.0,0.0,0,0.0,0.0,0,0.0,0.0,0,0.0,0.0,0,0.0,0.0,0,0.0,0.0,0,0.0,0.0,0.0,0.0
RKLB,2h,0,,,2025-06-23 15:30:00,32.77,0,0,0.0,0.0,0,0.0,0.0,0,0.0,0.0,0,0.0,0.0,0,0.0,0.0,0,0.0,0.0,0,0.0,0.0,0,0.0,0.0,0,0.0,0.0,0,0.0,0.0,0,0.0,0.0,0,0.0,0.0,0.0,0.0
RKLB,3h,0,,,2025-06-23 15:30:00,32.77,0,0,0.0,0.0,0,0.0,0.0,0,0.0,0.0,0,0.0,0.0,0,0.0,0.0,0,0.0,0.0,0,0.0,0.0,0,0.0,0.0,0,0.0,0.0,0,0.0,0.0,0,0.0,0.0,0,0.0,0.0,0.0,0.0
RKLB,4h,0,,,2025-06-23 13:30:00,32.77,0,0,0.0,0.0,0,0.0,0.0,0,0.0,0.0,0,0.0,0.0,0,0.0,0.0,0,0.0,0.0,0,0.0,0.0,0,0.0,0.0,0,0.0,0.0,0,0.0,0.0,0,0.0,0.0,0,0.0,0.0,0.0,0.0
RKLB,1d,0,,,2025-06-23 00:00:00,32.78,0,0,0.0,0.0,0,0.0,0.0,0,0.0,0.0,0,0.0,0.0,0,0.0,0.0,0,0.0,0.0,0,0.0,0.0,0,0.0,0.0,0,0.0,0.0,0,0.0,0.0,0,0.0,0.0,0,0.0,0.0,0.0,0.0
RKLB,1w,0,,,2025-06-29 00:00:00,32.78,0,0,0.0,0.0,0,0.0,0.0,0,0.0,0.0,0,0.0,0.0,0,0.0,0.0,0,0.0,0.0,0,0.0,0.0,0,0.0,0.0,0,0.0,0.0,0,0.0,0.0,0,0.0,0.0,0,0.0,0.0,0.0,0.0
SBUX,5m,7,2025-06-23 12:40:00,91.05,2025-06-23 15:55:00,92.35,39,6,33.33333333333333,-0.1882815345770182,6,33.33333333333333,-0.3292833338984031,6,16.666666666666664,-0.27719311801427643,6,33.33333333333333,-0.21656895739790058,6,16.666666666666664,-0.3936685171434053,6,16.666666666666664,-0.5705885155843555,6,33.33333333333333,-0.6874921116925367,6,0.0,-1.1725338052355234,6,0.0,-1.2756272423463997,6,16.666666666666664,-0.8691508377612017,6,16.666666666666664,-0.5772666050530558,6,16.666666666666664,-1.104148280859721,1.0923128509822695,-2.719067347275291
SBUX,10m,5,2025-06-17 11:00:00,92.83,2025-06-23 15:50:00,92.35,146,5,60.0,0.034177509560320514,5,60.0,-0.039432821812887195,5,40.0,-0.13910716309237497,5,40.0,-0.17984537240891624,5,20.0,-0.71435403425233,5,20.0,-0.3473525407448718,5,20.0,-0.31576837002381014,5,40.0,-0.37553837971288145,5,40.0,-0.0501003118839665,5,40.0,-0.3207970450940966,5,60.0,0.6622887366900718,5,80.0,1.4031443473207745,4.612719430226389,-2.6080524951709196
SBUX,15m,3,2025-06-17 11:00:00,92.9,2025-06-23 15:45:00,92.35,97,2,50.0,-0.11339145656099832,2,50.0,0.20973201765384647,2,100.0,0.4253554557346687,2,100.0,0.7156462225255206,2,100.0,1.2333341561123161,2,100.0,1.9002246482997256,2,100.0,1.5248126107585602,2,100.0,2.32564386782554,2,100.0,3.5882553336556553,2,100.0,4.144242827779785,2,100.0,5.225410882181048,2,100.0,5.494428542927473,5.69802882768429,-0.4065331004970076
SBUX,30m,1,2025-06-23 13:00:00,92.1,2025-06-23 15:30:00,92.35,0,0,0.0,0.0,0,0.0,0.0,0,0.0,0.0,0,0.0,0.0,0,0.0,0.0,0,0.0,0.0,0,0.0,0.0,0,0.0,0.0,0,0.0,0.0,0,0.0,0.0,0,0.0,0.0,0,0.0,0.0,0.0,0.0
SBUX,1h,1,2025-06-23 13:30:00,92.26,2025-06-23 15:30:00,92.35,0,0,0.0,0.0,0,0.0,0.0,0,0.0,0.0,0,0.0,0.0,0,0.0,0.0,0,0.0,0.0,0,0.0,0.0,0,0.0,0.0,0,0.0,0.0,0,0.0,0.0,0,0.0,0.0,0,0.0,0.0,0.0,0.0
SBUX,2h,0,,,2025-06-23 15:30:00,92.35,0,0,0.0,0.0,0,0.0,0.0,0,0.0,0.0,0,0.0,0.0,0,0.0,0.0,0,0.0,0.0,0,0.0,0.0,0,0.0,0.0,0,0.0,0.0,0,0.0,0.0,0,0.0,0.0,0,0.0,0.0,0.0,0.0
SBUX,3h,1,2025-05-01 12:30:00,81.49,2025-06-23 15:30:00,92.35,106,1,100.0,3.454626520612239,1,100.0,1.4910674710558647,1,100.0,1.5892472961223745,1,100.0,1.3560725523252777,1,100.0,4.510036232718581,1,100.0,6.62084629398781,1,100.0,6.277226269198481,1,100.0,5.0868216383615525,1,100.0,6.584031200323732,1,100.0,3.3073567830124744,1,100.0,11.646312563890385,1,100.0,13.236795768548786,13.236795768548786,1.3560725523252777
SBUX,4h,0,,,2025-06-23 13:30:00,92.35,0,0,0.0,0.0,0,0.0,0.0,0,0.0,0.0,0,0.0,0.0,0,0.0,0.0,0,0.0,0.0,0,0.0,0.0,0,0.0,0.0,0,0.0,0.0,0,0.0,0.0,0,0.0,0.0,0,0.0,0.0,0.0,0.0
SBUX,1d,0,,,2025-06-23 00:00:00,92.34,0,0,0.0,0.0,0,0.0,0.0,0,0.0,0.0,0,0.0,0.0,0,0.0,0.0,0,0.0,0.0,0,0.0,0.0,0,0.0,0.0,0,0.0,0.0,0,0.0,0.0,0,0.0,0.0,0,0.0,0.0,0.0,0.0
SBUX,1w,0,,,2025-06-29 00:00:00,92.34,0,0,0.0,0.0,0,0.0,0.0,0,0.0,0.0,0,0.0,0.0,0,0.0,0.0,0,0.0,0.0,0,0.0,0.0,0,0.0,0.0,0,0.0,0.0,0,0.0,0.0,0,0.0,0.0,0,0.0,0.0,0.0,0.0
SE,5m,16,2025-06-23 09:55:00,152.97,2025-06-23 15:55:00,153.52,72,14,64.28571428571429,0.031337241033180516,14,50.0,-0.04053239977726065,14,50.0,-0.05192204457721706,14,50.0,-0.21762038117804258,14,42.857142857142854,-0.05324325382131377,14,42.857142857142854,-0.1676266050179944,14,42.857142857142854,-0.17769269216582767,14,35.714285714285715,-0.09680075579544942,14,28.57142857142857,-0.14185319486847273,14,35.714285714285715,-0.3381018397903275,14,35.714285714285715,-0.5564844537792815,14,28.57142857142857,-1.0843772308192785,3.1397741052741956,-5.190583549852885
SE,10m,6,2025-06-23 10:10:00,153.02,2025-06-23 15:50:00,153.52,34,4,50.0,-0.42908074643637995,4,25.0,-0.33634078121696886,4,25.0,-0.25056070882805004,4,25.0,-0.529493936558779,4,0.0,-0.833756440647988,4,0.0,-0.7060543527206468,4,0.0,-0.5096973660795375,4,50.0,-0.6082183568589385,4,50.0,-0.7973175813226472,4,75.0,0.0035057717637258234,4,75.0,-0.016459461626597005,4,75.0,1.1277101578904394,4.074103535361975,-6.213074477648423
SE,15m,8,2025-06-23 10:30:00,153.54,2025-06-23 15:45:00,153.52,21,7,0.0,-0.5587536723099925,7,14.285714285714285,-0.40511123904670254,7,14.285714285714285,-0.8964575662445862,7,14.285714285714285,-0.9237648418021936,7,14.285714285714285,-0.8717975524954946,7,14.285714285714285,-1.3408171406010463,7,28.57142857142857,-1.6368841913693164,7,42.857142857142854,-1.2844566378861586,7,42.857142857142854,-0.8693926684939417,7,57.14285714285714,-0.01805094090879405,7,71.42857142857143,0.7056993089061245,7,85.71428571428571,1.2739870999649434,4.851412585760281,-7.092261083268762
SE,30m,3,2025-06-23 11:00:00,153.74,2025-06-23 15:30:00,153.52,9,1,0.0,-0.20352050639340116,1,0.0,-0.4575237533804793,1,0.0,-0.8947955385227956,1,0.0,-1.608569486916777,1,0.0,-1.5860607586520743,1,100.0,0.15978842187911185,1,100.0,0.7128025603825581,1,100.0,2.6483569511446774,1,100.0,1.4542267251017063,1,100.0,1.6902249518770456,1,0.0,-0.8947955385227956,1,0.0,-1.280613195060011,2.6483569511446774,-1.608569486916777
SE,1h,2,2025-03-31 15:30:00,130.46,2025-06-23 15:30:00,153.52,399,2,100.0,0.7824802652098135,2,100.0,0.8290343984096851,2,100.0,3.493612445598333,2,50.0,-3.521404991372425,2,0.0,-8.039846187201922,2,0.0,-16.713418446246106,2,0.0,-17.844521845528845,2,0.0,-17.16961287957527,2,0.0,-9.29501040323412,2,0.0,-11.37012878245283,2,0.0,-8.566617895877746,2,0.0,-9.681740848933277,3.878581402875169,-18.549749603120624
SE,2h,0,,,2025-06-23 15:30:00,153.52,0,0,0.0,0.0,0,0.0,0.0,0,0.0,0.0,0,0.0,0.0,0,0.0,0.0,0,0.0,0.0,0,0.0,0.0,0,0.0,0.0,0,0.0,0.0,0,0.0,0.0,0,0.0,0.0,0,0.0,0.0,0.0,0.0
SE,3h,1,2025-06-23 12:30:00,153.85,2025-06-23 15:30:00,153.52,0,0,0.0,0.0,0,0.0,0.0,0,0.0,0.0,0,0.0,0.0,0,0.0,0.0,0,0.0,0.0,0,0.0,0.0,0,0.0,0.0,0,0.0,0.0,0,0.0,0.0,0,0.0,0.0,0,0.0,0.0,0.0,0.0
SE,4h,0,,,2025-06-23 13:30:00,153.52,0,0,0.0,0.0,0,0.0,0.0,0,0.0,0.0,0,0.0,0.0,0,0.0,0.0,0,0.0,0.0,0,0.0,0.0,0,0.0,0.0,0,0.0,0.0,0,0.0,0.0,0,0.0,0.0,0,0.0,0.0,0.0,0.0
SE,1d,0,,,2025-06-23 00:00:00,153.52,0,0,0.0,0.0,0,0.0,0.0,0,0.0,0.0,0,0.0,0.0,0,0.0,0.0,0,0.0,0.0,0,0.0,0.0,0,0.0,0.0,0,0.0,0.0,0,0.0,0.0,0,0.0,0.0,0,0.0,0.0,0.0,0.0
SE,1w,0,,,2025-06-29 00:00:00,153.52,0,0,0.0,0.0,0,0.0,0.0,0,0.0,0.0,0,0.0,0.0,0,0.0,0.0,0,0.0,0.0,0,0.0,0.0,0,0.0,0.0,0,0.0,0.0,0,0.0,0.0,0,0.0,0.0,0,0.0,0.0,0.0,0.0
SERV,5m,21,2025-06-23 09:50:00,10.45,2025-06-23 15:55:00,10.27,73,20,50.0,0.08670123461843367,20,60.0,0.27562092061808047,20,55.00000000000001,0.6421101220136223,20,55.00000000000001,0.8335776430707738,20,60.0,1.562384894147956,20,50.0,1.2687783157594583,20,50.0,0.8429711369855342,20,65.0,2.340135162010319,20,80.0,3.3496318452024574,20,75.0,3.391763838587319,20,70.0,2.9110839404995827,20,65.0,1.9689297546303781,16.246740646161978,-8.156403822487363
SERV,10m,9,2025-06-23 09:50:00,10.44,2025-06-23 15:50:00,10.27,36,7,57.14285714285714,0.9973706763302659,7,71.42857142857143,1.665821828012876,7,85.71428571428571,3.074894754641199,7,57.14285714285714,2.844950283158881,7,85.71428571428571,4.902790107797036,7,85.71428571428571,5.124628782454964,7,85.71428571428571,4.286300748392628,7,71.42857142857143,3.5704182583591026,7,71.42857142857143,3.258532311827591,7,42.857142857142854,1.7714701381421836,7,57.14285714285714,2.8584339802957888,7,42.857142857142854,1.9420423628616488,15.693909208057768,-4.4975669311035205
SERV,15m,3,2025-06-23 10:00:00,10.63,2025-06-23 15:45:00,10.27,0,0,0.0,0.0,0,0.0,0.0,0,0.0,0.0,0,0.0,0.0,0,0.0,0.0,0,0.0,0.0,0,0.0,0.0,0,0.0,0.0,0,0.0,0.0,0,0.0,0.0,0,0.0,0.0,0,0.0,0.0,0.0,0.0
SERV,30m,4,2025-06-23 13:30:00,10.32,2025-06-23 15:30:00,10.27,0,0,0.0,0.0,0,0.0,0.0,0,0.0,0.0,0,0.0,0.0,0,0.0,0.0,0,0.0,0.0,0,0.0,0.0,0,0.0,0.0,0,0.0,0.0,0,0.0,0.0,0,0.0,0.0,0,0.0,0.0,0.0,0.0
SERV,1h,6,2025-06-23 14:30:00,10.33,2025-06-23 15:30:00,10.27,1,2,100.0,11.14415159073898,2,100.0,9.549116367001044,2,100.0,10.90990042985916,2,100.0,5.779573310180344,2,100.0,11.02316589559236,2,100.0,3.2017011938791846,2,50.0,2.5736507253896628,2,100.0,8.973898275028873,2,100.0,14.81929442803531,2,100.0,16.98066192547132,2,100.0,17.497419095394143,2,100.0,34.185034637305925,37.293084255032745,-0.7923249317697911
SERV,2h,1,2025-04-04 15:30:00,5.24,2025-06-23 15:30:00,10.27,212,1,100.0,2.8260500410415026,1,100.0,5.690278012362074,1,100.0,0.5384790834018877,1,0.0,-0.13366372919072894,1,100.0,1.3614670595846134,1,100.0,10.464003438107913,1,100.0,4.735538390308105,1,0.0,-1.2793567387506901,1,100.0,24.4032820454921,1,100.0,26.981098145871012,1,100.0,20.870726323059223,1,100.0,64.59805049447841,64.59805049447841,-1.2793567387506901
SERV,3h,0,,,2025-06-23 15:30:00,10.27,0,0,0.0,0.0,0,0.0,0.0,0,0.0,0.0,0,0.0,0.0,0,0.0,0.0,0,0.0,0.0,0,0.0,0.0,0,0.0,0.0,0,0.0,0.0,0,0.0,0.0,0,0.0,0.0,0,0.0,0.0,0.0,0.0
SERV,4h,0,,,2025-06-23 13:30:00,10.27,0,0,0.0,0.0,0,0.0,0.0,0,0.0,0.0,0,0.0,0.0,0,0.0,0.0,0,0.0,0.0,0,0.0,0.0,0,0.0,0.0,0,0.0,0.0,0,0.0,0.0,0,0.0,0.0,0,0.0,0.0,0.0,0.0
SERV,1d,0,,,2025-06-23 00:00:00,10.26,0,0,0.0,0.0,0,0.0,0.0,0,0.0,0.0,0,0.0,0.0,0,0.0,0.0,0,0.0,0.0,0,0.0,0.0,0,0.0,0.0,0,0.0,0.0,0,0.0,0.0,0,0.0,0.0,0,0.0,0.0,0.0,0.0
SERV,1w,0,,,2025-06-29 00:00:00,10.26,0,0,0.0,0.0,0,0.0,0.0,0,0.0,0.0,0,0.0,0.0,0,0.0,0.0,0,0.0,0.0,0,0.0,0.0,0,0.0,0.0,0,0.0,0.0,0,0.0,0.0,0,0.0,0.0,0,0.0,0.0,0.0,0.0
SHOP,5m,15,2025-06-23 09:40:00,106.38,2025-06-23 15:55:00,109.94,75,13,38.46153846153847,-0.2326148787638111,13,46.15384615384615,-0.06625149865078354,13,76.92307692307693,0.10982732073268048,13,69.23076923076923,-0.19541968076260816,13,69.23076923076923,-0.32543873349190267,13,69.23076923076923,-0.2652361847098013,13,69.23076923076923,0.10707012606212547,13,61.53846153846154,0.02678690481208083,13,61.53846153846154,-0.16112771416635643,13,53.84615384615385,-0.38508237806424744,13,46.15384615384615,-0.23017460608359464,13,61.53846153846154,0.5004864702610257,2.9624901600289646,-4.40188642284226
SHOP,10m,5,2025-06-20 09:30:00,108.16,2025-06-23 15:50:00,109.94,77,2,50.0,-1.0279126853334755,2,0.0,-0.9752338059270177,2,0.0,-0.9061425111365462,2,0.0,-1.0851096191767065,2,50.0,-0.8350249227814602,2,50.0,-0.7578236999059416,2,50.0,-0.2094615326866538,2,50.0,1.8386290619994987,2,100.0,3.0785530243691333,2,50.0,3.6087099877655278,2,100.0,3.0051356077901055,2,100.0,3.388041236620363,7.759173608344316,-2.2489990310856927
SHOP,15m,3,2025-06-20 09:30:00,108.29,2025-06-23 15:45:00,109.94,0,0,0.0,0.0,0,0.0,0.0,0,0.0,0.0,0,0.0,0.0,0,0.0,0.0,0,0.0,0.0,0,0.0,0.0,0,0.0,0.0,0,0.0,0.0,0,0.0,0.0,0,0.0,0.0,0,0.0,0.0,0.0,0.0
SHOP,30m,1,2025-06-18 14:00:00,107.0,2025-06-23 15:30:00,109.94,0,0,0.0,0.0,0,0.0,0.0,0,0.0,0.0,0,0.0,0.0,0,0.0,0.0,0,0.0,0.0,0,0.0,0.0,0,0.0,0.0,0,0.0,0.0,0,0.0,0.0,0,0.0,0.0,0,0.0,0.0,0.0,0.0
SHOP,1h,0,,,2025-06-23 15:30:00,109.94,0,0,0.0,0.0,0,0.0,0.0,0,0.0,0.0,0,0.0,0.0,0,0.0,0.0,0,0.0,0.0,0,0.0,0.0,0,0.0,0.0,0,0.0,0.0,0,0.0,0.0,0,0.0,0.0,0,0.0,0.0,0.0,0.0
SHOP,2h,0,,,2025-06-23 15:30:00,109.94,0,0,0.0,0.0,0,0.0,0.0,0,0.0,0.0,0,0.0,0.0,0,0.0,0.0,0,0.0,0.0,0,0.0,0.0,0,0.0,0.0,0,0.0,0.0,0,0.0,0.0,0,0.0,0.0,0,0.0,0.0,0.0,0.0
SHOP,3h,0,,,2025-06-23 15:30:00,109.94,0,0,0.0,0.0,0,0.0,0.0,0,0.0,0.0,0,0.0,0.0,0,0.0,0.0,0,0.0,0.0,0,0.0,0.0,0,0.0,0.0,0,0.0,0.0,0,0.0,0.0,0,0.0,0.0,0,0.0,0.0,0.0,0.0
SHOP,4h,0,,,2025-06-23 13:30:00,109.94,0,0,0.0,0.0,0,0.0,0.0,0,0.0,0.0,0,0.0,0.0,0,0.0,0.0,0,0.0,0.0,0,0.0,0.0,0,0.0,0.0,0,0.0,0.0,0,0.0,0.0,0,0.0,0.0,0,0.0,0.0,0.0,0.0
SHOP,1d,0,,,2025-06-23 00:00:00,109.98,0,0,0.0,0.0,0,0.0,0.0,0,0.0,0.0,0,0.0,0.0,0,0.0,0.0,0,0.0,0.0,0,0.0,0.0,0,0.0,0.0,0,0.0,0.0,0,0.0,0.0,0,0.0,0.0,0,0.0,0.0,0.0,0.0
SHOP,1w,0,,,2025-06-29 00:00:00,109.98,0,0,0.0,0.0,0,0.0,0.0,0,0.0,0.0,0,0.0,0.0,0,0.0,0.0,0,0.0,0.0,0,0.0,0.0,0,0.0,0.0,0,0.0,0.0,0,0.0,0.0,0,0.0,0.0,0,0.0,0.0,0.0,0.0
SMCI,5m,19,2025-06-23 13:00:00,42.06,2025-06-23 15:55:00,40.9,35,14,35.714285714285715,-0.07302096576260632,14,35.714285714285715,-0.09830224983463771,14,50.0,0.3607192523979209,14,64.28571428571429,0.4744796194796102,14,64.28571428571429,0.4975441397623346,14,57.14285714285714,0.4177622074422797,14,64.28571428571429,0.6807367843007042,14,71.42857142857143,1.1897903724386913,14,78.57142857142857,1.2594175482860057,14,78.57142857142857,1.447112181543417,14,71.42857142857143,1.5090266077438912,14,64.28571428571429,1.7754573024071973,7.349005603493241,-5.280683337638321
SMCI,10m,2,2025-06-13 14:50:00,41.06,2025-06-23 15:50:00,40.9,201,2,50.0,0.29515342111351905,2,50.0,0.19738955788167611,2,100.0,2.329355567890458,2,100.0,3.404668626743774,2,100.0,3.8102574485575262,2,100.0,3.7494943285126,2,100.0,4.090080021825002,2,100.0,4.5640895285240015,2,100.0,4.856261064301689,2,100.0,5.917788680038843,2,100.0,7.256602299200718,2,100.0,8.667675105874338,9.784118279985202,-0.9215954247904565
SMCI,15m,0,,,2025-06-23 15:45:00,40.9,0,0,0.0,0.0,0,0.0,0.0,0,0.0,0.0,0,0.0,0.0,0,0.0,0.0,0,0.0,0.0,0,0.0,0.0,0,0.0,0.0,0,0.0,0.0,0,0.0,0.0,0,0.0,0.0,0,0.0,0.0,0.0,0.0
SMCI,30m,0,,,2025-06-23 15:30:00,40.9,0,0,0.0,0.0,0,0.0,0.0,0,0.0,0.0,0,0.0,0.0,0,0.0,0.0,0,0.0,0.0,0,0.0,0.0,0,0.0,0.0,0,0.0,0.0,0,0.0,0.0,0,0.0,0.0,0,0.0,0.0,0.0,0.0
SMCI,1h,0,,,2025-06-23 15:30:00,40.9,0,0,0.0,0.0,0,0.0,0.0,0,0.0,0.0,0,0.0,0.0,0,0.0,0.0,0,0.0,0.0,0,0.0,0.0,0,0.0,0.0,0,0.0,0.0,0,0.0,0.0,0,0.0,0.0,0,0.0,0.0,0.0,0.0
SMCI,2h,0,,,2025-06-23 15:30:00,40.9,0,0,0.0,0.0,0,0.0,0.0,0,0.0,0.0,0,0.0,0.0,0,0.0,0.0,0,0.0,0.0,0,0.0,0.0,0,0.0,0.0,0,0.0,0.0,0,0.0,0.0,0,0.0,0.0,0,0.0,0.0,0.0,0.0
SMCI,3h,0,,,2025-06-23 15:30:00,40.9,0,0,0.0,0.0,0,0.0,0.0,0,0.0,0.0,0,0.0,0.0,0,0.0,0.0,0,0.0,0.0,0,0.0,0.0,0,0.0,0.0,0,0.0,0.0,0,0.0,0.0,0,0.0,0.0,0,0.0,0.0,0.0,0.0
SMCI,4h,0,,,2025-06-23 13:30:00,40.9,0,0,0.0,0.0,0,0.0,0.0,0,0.0,0.0,0,0.0,0.0,0,0.0,0.0,0,0.0,0.0,0,0.0,0.0,0,0.0,0.0,0,0.0,0.0,0,0.0,0.0,0,0.0,0.0,0,0.0,0.0,0.0,0.0
SMCI,1d,3,2025-04-23 00:00:00,32.9,2025-06-23 00:00:00,40.89,41,2,100.0,24.325298707532486,2,100.0,42.3894918238336,2,100.0,49.503167456116174,2,50.0,43.229305519437915,2,100.0,33.399070847006875,2,100.0,37.54900091491231,2,100.0,25.44545373710854,2,50.0,5.099176223859658,2,50.0,-3.4256945318492296,2,100.0,80.1782311689812,2,50.0,28.354326333934676,2,50.0,13.042487120048234,159.0529102384416,-32.88427700847206
SMCI,1w,0,,,2025-06-29 00:00:00,40.89,0,0,0.0,0.0,0,0.0,0.0,0,0.0,0.0,0,0.0,0.0,0,0.0,0.0,0,0.0,0.0,0,0.0,0.0,0,0.0,0.0,0,0.0,0.0,0,0.0,0.0,0,0.0,0.0,0,0.0,0.0,0.0,0.0
SNOW,5m,8,2025-06-23 09:40:00,211.17,2025-06-23 15:55:00,213.67,75,7,85.71428571428571,0.15879251118485585,7,71.42857142857143,0.1432515293190977,7,57.14285714285714,0.17355548262011328,7,71.42857142857143,0.29669786714805796,7,85.71428571428571,0.3671554635563144,7,85.71428571428571,0.32234146105855144,7,85.71428571428571,0.21459159651063628,7,71.42857142857143,0.30962871088736976,7,57.14285714285714,0.10831238808167387,7,100.0,0.3791374862437689,7,57.14285714285714,0.6853731691401654,7,42.857142857142854,0.610342222269917,3.193626499184865,-1.4966432906782587
SNOW,10m,6,2025-06-11 10:50:00,207.7,2025-06-23 15:50:00,213.67,303,6,83.33333333333334,0.09609229027758286,6,66.66666666666666,0.2179884917655477,6,100.0,0.4150152495737216,6,100.0,0.531371948067334,6,83.33333333333334,0.2818029808469477,6,50.0,-0.10093807817111855,6,100.0,0.41207256261879105,6,66.66666666666666,0.7858480497464736,6,83.33333333333334,1.2498783711613306,6,83.33333333333334,1.5697727455906014,6,83.33333333333334,1.3260670780234387,6,83.33333333333334,1.544273052579241,3.670088001482523,-1.7954927704874792
SNOW,15m,4,2025-06-17 09:45:00,209.02,2025-06-23 15:45:00,213.67,102,4,50.0,0.004868507463116605,4,75.0,0.38994270411395227,4,75.0,0.2499736151067502,4,25.0,-0.12758610426544495,4,75.0,0.2971331209700746,4,75.0,0.9765139790014039,4,75.0,0.9176427457811402,4,75.0,1.0635942392574114,4,75.0,0.7795277752026106,4,75.0,1.290860101836618,4,75.0,1.5611307692341283,4,50.0,1.3542716728857358,3.7233131580190935,-2.112038402117111
SNOW,30m,0,,,2025-06-23 15:30:00,213.67,0,0,0.0,0.0,0,0.0,0.0,0,0.0,0.0,0,0.0,0.0,0,0.0,0.0,0,0.0,0.0,0,0.0,0.0,0,0.0,0.0,0,0.0,0.0,0,0.0,0.0,0,0.0,0.0,0,0.0,0.0,0.0,0.0
SNOW,1h,0,,,2025-06-23 15:30:00,213.67,0,0,0.0,0.0,0,0.0,0.0,0,0.0,0.0,0,0.0,0.0,0,0.0,0.0,0,0.0,0.0,0,0.0,0.0,0,0.0,0.0,0,0.0,0.0,0,0.0,0.0,0,0.0,0.0,0,0.0,0.0,0.0,0.0
SNOW,2h,0,,,2025-06-23 15:30:00,213.67,0,0,0.0,0.0,0,0.0,0.0,0,0.0,0.0,0,0.0,0.0,0,0.0,0.0,0,0.0,0.0,0,0.0,0.0,0,0.0,0.0,0,0.0,0.0,0,0.0,0.0,0,0.0,0.0,0,0.0,0.0,0.0,0.0
SNOW,3h,0,,,2025-06-23 15:30:00,213.67,0,0,0.0,0.0,0,0.0,0.0,0,0.0,0.0,0,0.0,0.0,0,0.0,0.0,0,0.0,0.0,0,0.0,0.0,0,0.0,0.0,0,0.0,0.0,0,0.0,0.0,0,0.0,0.0,0,0.0,0.0,0.0,0.0
SNOW,4h,0,,,2025-06-23 13:30:00,213.67,0,0,0.0,0.0,0,0.0,0.0,0,0.0,0.0,0,0.0,0.0,0,0.0,0.0,0,0.0,0.0,0,0.0,0.0,0,0.0,0.0,0,0.0,0.0,0,0.0,0.0,0,0.0,0.0,0,0.0,0.0,0.0,0.0
SNOW,1d,1,2025-04-02 00:00:00,153.91,2025-06-23 00:00:00,213.71,0,0,0.0,0.0,0,0.0,0.0,0,0.0,0.0,0,0.0,0.0,0,0.0,0.0,0,0.0,0.0,0,0.0,0.0,0,0.0,0.0,0,0.0,0.0,0,0.0,0.0,0,0.0,0.0,0,0.0,0.0,0.0,0.0
SNOW,1w,0,,,2025-06-29 00:00:00,213.71,0,0,0.0,0.0,0,0.0,0.0,0,0.0,0.0,0,0.0,0.0,0,0.0,0.0,0,0.0,0.0,0,0.0,0.0,0,0.0,0.0,0,0.0,0.0,0,0.0,0.0,0,0.0,0.0,0,0.0,0.0,0.0,0.0
SOFI,5m,9,2025-06-23 09:50:00,15.16,2025-06-23 15:55:00,15.38,73,7,42.857142857142854,-0.00681261077201889,7,57.14285714285714,0.030503462296485324,7,57.14285714285714,0.48882068119032673,7,85.71428571428571,0.8520798036970294,7,85.71428571428571,0.6639011962728387,7,71.42857142857143,0.9250356299694366,7,71.42857142857143,1.162105059717901,7,85.71428571428571,1.7557735699340873,7,71.42857142857143,2.397575946972693,7,57.14285714285714,2.382190087153173,7,71.42857142857143,2.499093242502807,7,85.71428571428571,3.678972736237334,6.15733860396748,-1.859621802275878
SOFI,10m,9,2025-06-23 09:50:00,15.17,2025-06-23 15:50:00,15.38,36,8,37.5,-0.08551541231076441,8,25.0,-0.07884004049306975,8,50.0,0.23978723576759717,8,25.0,0.04848423849549244,8,37.5,0.4245224509909453,8,75.0,0.7388107150231983,8,50.0,0.4218218547141964,8,50.0,0.3742284682881416,8,87.5,1.6626341641765179,8,87.5,2.0240907170508198,8,100.0,3.0533280651205863,8,100.0,4.073578008749337,7.424512187957928,-1.789913185622917
SOFI,15m,2,2025-06-13 14:45:00,14.07,2025-06-23 15:45:00,15.38,134,2,50.0,0.3123400176838864,2,100.0,1.8739728529457111,2,100.0,3.0863374362188987,2,100.0,3.929350596356576,2,100.0,4.326216937377577,2,100.0,4.204805105610823,2,100.0,4.987589691050095,2,100.0,3.7755962088815105,2,100.0,2.718129306780443,2,100.0,5.044846588120135,2,100.0,5.666922617090693,2,100.0,7.585227134240711,8.809945207259688,-0.17761718557052458
SOFI,30m,0,,,2025-06-23 15:30:00,15.38,0,0,0.0,0.0,0,0.0,0.0,0,0.0,0.0,0,0.0,0.0,0,0.0,0.0,0,0.0,0.0,0,0.0,0.0,0,0.0,0.0,0,0.0,0.0,0,0.0,0.0,0,0.0,0.0,0,0.0,0.0,0.0,0.0
SOFI,1h,0,,,2025-06-23 15:30:00,15.38,0,0,0.0,0.0,0,0.0,0.0,0,0.0,0.0,0,0.0,0.0,0,0.0,0.0,0,0.0,0.0,0,0.0,0.0,0,0.0,0.0,0,0.0,0.0,0,0.0,0.0,0,0.0,0.0,0,0.0,0.0,0.0,0.0
SOFI,2h,0,,,2025-06-23 15:30:00,15.38,0,0,0.0,0.0,0,0.0,0.0,0,0.0,0.0,0,0.0,0.0,0,0.0,0.0,0,0.0,0.0,0,0.0,0.0,0,0.0,0.0,0,0.0,0.0,0,0.0,0.0,0,0.0,0.0,0,0.0,0.0,0.0,0.0
SOFI,3h,0,,,2025-06-23 15:30:00,15.38,0,0,0.0,0.0,0,0.0,0.0,0,0.0,0.0,0,0.0,0.0,0,0.0,0.0,0,0.0,0.0,0,0.0,0.0,0,0.0,0.0,0,0.0,0.0,0,0.0,0.0,0,0.0,0.0,0,0.0,0.0,0.0,0.0
SOFI,4h,0,,,2025-06-23 13:30:00,15.38,0,0,0.0,0.0,0,0.0,0.0,0,0.0,0.0,0,0.0,0.0,0,0.0,0.0,0,0.0,0.0,0,0.0,0.0,0,0.0,0.0,0,0.0,0.0,0,0.0,0.0,0,0.0,0.0,0,0.0,0.0,0.0,0.0
SOFI,1d,1,2025-04-09 00:00:00,11.39,2025-06-23 00:00:00,15.36,0,0,0.0,0.0,0,0.0,0.0,0,0.0,0.0,0,0.0,0.0,0,0.0,0.0,0,0.0,0.0,0,0.0,0.0,0,0.0,0.0,0,0.0,0.0,0,0.0,0.0,0,0.0,0.0,0,0.0,0.0,0.0,0.0
SOFI,1w,0,,,2025-06-29 00:00:00,15.36,0,0,0.0,0.0,0,0.0,0.0,0,0.0,0.0,0,0.0,0.0,0,0.0,0.0,0,0.0,0.0,0,0.0,0.0,0,0.0,0.0,0,0.0,0.0,0,0.0,0.0,0,0.0,0.0,0,0.0,0.0,0.0,0.0
SOUN,5m,14,2025-06-13 14:45:00,9.03,2025-06-23 15:55:00,9.5,404,14,28.57142857142857,-0.2680388924388298,14,28.57142857142857,-0.13845847055656954,14,50.0,-0.08605348170457612,14,57.14285714285714,0.15232286511032797,14,57.14285714285714,0.5533415635535535,14,64.28571428571429,0.3558114231603232,14,64.28571428571429,0.45843345613960473,14,57.14285714285714,0.38670951127685116,14,50.0,0.08156182621875445,14,50.0,-0.03206034234879107,14,42.857142857142854,-0.03214294993710887,14,35.714285714285715,-0.3866021967373397,8.693243307038465,-6.597881286829556
SOUN,10m,10,2025-06-20 11:10:00,9.31,2025-06-23 15:50:00,9.5,67,8,62.5,0.13272838088123698,8,50.0,0.15601548623670305,8,37.5,0.2880227741929604,8,37.5,-0.32416593186026893,8,25.0,-1.018548840771684,8,37.5,-0.8614807494350792,8,37.5,-0.8556044397682374,8,62.5,0.8391976392512719,8,62.5,0.4020753551521859,8,75.0,0.031398107093372984,8,50.0,-1.2539312634825988,8,62.5,0.14129098750033398,8.40198112887393,-7.489850583248334
SOUN,15m,5,2025-06-20 11:15:00,9.33,2025-06-23 15:45:00,9.5,44,4,25.0,-0.26190281269358673,4,25.0,-0.10321886104118128,4,25.0,0.6580671447181317,4,75.0,0.6383501216750839,4,75.0,1.5818380094820055,4,75.0,1.9287852356791741,4,75.0,1.6206086511031628,4,75.0,0.05810762773659617,4,25.0,-1.210902379097014,4,75.0,0.03056223470587338,4,75.0,0.702112489981488,4,50.0,0.8292552270437911,6.863271271704079,-8.134232610251518
SOUN,30m,5,2025-06-23 13:30:00,9.36,2025-06-23 15:30:00,9.5,4,3,66.66666666666666,1.1670513282490136,3,100.0,1.3683778874679842,3,100.0,2.405793335263844,3,100.0,1.221850013135633,3,100.0,0.7759233040792907,3,33.33333333333333,0.1417456345130292,3,100.0,1.7744816022725587,3,66.66666666666666,0.12188654700808758,3,66.66666666666666,1.0271295985507078,3,66.66666666666666,0.24991765885337106,3,0.0,-1.362433857950976,3,0.0,-3.729938887676974,3.2470894303656106,-5.126326289594179
SOUN,1h,4,2025-06-23 14:30:00,9.45,2025-06-23 15:30:00,9.5,1,1,100.0,4.000704374858662,1,100.0,1.5293239289378555,1,0.0,-2.0991229469270336,1,0.0,-5.10669850109517,1,100.0,18.79804889702087,1,100.0,12.280274549838014,1,100.0,9.45816130607196,1,100.0,9.928513513366301,1,100.0,5.896903025486105,1,100.0,6.568833834753991,1,100.0,18.260501686379275,1,100.0,25.98774764540339,25.98774764540339,-5.10669850109517
SOUN,2h,3,2025-06-06 09:30:00,10.18,2025-06-23 15:30:00,9.5,43,2,100.0,3.4114449269363103,2,50.0,1.9010224965448224,2,100.0,11.426342283203148,2,100.0,7.652557236150923,2,100.0,6.548829187944381,2,100.0,5.75686450102772,2,50.0,-0.36357089908230217,2,100.0,14.659467017334624,2,100.0,25.597744296648386,2,100.0,25.03800295613285,2,100.0,23.312404261827076,2,100.0,49.50252377112594,52.22591067816762,-3.18937202543123
SOUN,3h,4,2025-06-16 09:30:00,9.51,2025-06-23 15:30:00,9.5,14,2,0.0,-5.299627754358056,2,0.0,-6.42257775865758,2,50.0,1.3329487913212845,2,50.0,-1.8109089185377876,2,50.0,-5.2086709923302035,2,50.0,-1.1157568150909416,2,100.0,7.313037602890106,2,100.0,17.75985815846529,2,100.0,15.548393348431128,2,100.0,16.381504588114634,2,100.0,33.738324880277524,2,100.0,26.850995243604732,47.650562361749564,-13.913041266842166
SOUN,4h,0,,,2025-06-23 13:30:00,9.5,0,0,0.0,0.0,0,0.0,0.0,0,0.0,0.0,0,0.0,0.0,0,0.0,0.0,0,0.0,0.0,0,0.0,0.0,0,0.0,0.0,0,0.0,0.0,0,0.0,0.0,0,0.0,0.0,0,0.0,0.0,0.0,0.0
SOUN,1d,2,2025-04-09 00:00:00,8.83,2025-06-23 00:00:00,9.49,0,0,0.0,0.0,0,0.0,0.0,0,0.0,0.0,0,0.0,0.0,0,0.0,0.0,0,0.0,0.0,0,0.0,0.0,0,0.0,0.0,0,0.0,0.0,0,0.0,0.0,0,0.0,0.0,0,0.0,0.0,0.0,0.0
SOUN,1w,0,,,2025-06-29 00:00:00,9.49,0,0,0.0,0.0,0,0.0,0.0,0,0.0,0.0,0,0.0,0.0,0,0.0,0.0,0,0.0,0.0,0,0.0,0.0,0,0.0,0.0,0,0.0,0.0,0,0.0,0.0,0,0.0,0.0,0,0.0,0.0,0.0,0.0
TIGR,5m,26,2025-06-23 11:05:00,8.02,2025-06-23 15:55:00,8.03,58,21,38.095238095238095,0.21969406356384252,21,33.33333333333333,0.16359011389305875,21,33.33333333333333,0.3394058951113469,21,57.14285714285714,0.41325785875711885,21,42.857142857142854,-0.1390889989594671,21,38.095238095238095,-0.014651346583820547,21,47.61904761904761,0.12209392042394873,21,42.857142857142854,-0.09388981377507462,21,28.57142857142857,-0.24936484322789645,21,28.57142857142857,-0.43408003753260294,21,23.809523809523807,-0.8558792189877161,21,23.809523809523807,-1.3295344927463597,6.523162855646709,-7.883822236020757
TIGR,10m,7,2025-06-23 13:10:00,7.93,2025-06-23 15:50:00,8.03,16,4,50.0,0.9042972802401144,4,50.0,0.9149865727459454,4,50.0,1.6476838892522327,4,75.0,1.9240396902896573,4,50.0,2.0959290454357573,4,75.0,2.5599743837812126,4,75.0,1.6408976709163352,4,50.0,0.6863084211596969,4,50.0,-0.2734215100242747,4,50.0,-0.9938375629997442,4,50.0,-1.6963441091712048,4,0.0,-2.517453824560268,5.084981264525597,-5.189028821777212
TIGR,15m,4,2025-06-23 13:00:00,7.94,2025-06-23 15:45:00,8.03,11,1,0.0,-1.0137153944753996,1,100.0,3.3392930867997146,1,100.0,2.742987906477365,1,100.0,4.770418695428164,1,100.0,4.531903447444415,1,100.0,3.697071645562998,1,100.0,1.848535822781499,1,100.0,1.367911277013663,1,100.0,0.17888359259398268,1,100.0,0.11926331077953348,1,0.0,-0.3232028897980167,1,0.0,-4.101379500950262,4.770418695428164,-4.101379500950262
TIGR,30m,4,2025-06-23 13:00:00,7.93,2025-06-23 15:30:00,8.03,5,1,0.0,-7.796814085673638,1,0.0,-6.94034358862738,1,0.0,-7.256943177009612,1,0.0,-5.07974361990204,1,0.0,-0.8269308158585051,1,0.0,-1.5357367052282307,1,0.0,-0.8269308158585051,1,0.0,-2.480803713662925,1,0.0,-0.23627238515237836,1,0.0,-1.7129409940925144,1,100.0,2.480803713662925,1,0.0,-0.23627238515237836,2.480803713662925,-7.796814085673638
TIGR,1h,3,2025-05-30 14:30:00,8.01,2025-06-23 15:30:00,8.03,106,3,66.66666666666666,1.184902632481806,3,66.66666666666666,0.18499911894948293,3,33.33333333333333,0.06096102001616336,3,66.66666666666666,-1.4132036760463471,3,33.33333333333333,-0.7987655581409528,3,33.33333333333333,-2.106648978619694,3,33.33333333333333,-0.9375893061095301,3,33.33333333333333,0.2518698915555146,3,33.33333333333333,-0.39423632027849703,3,66.66666666666666,1.3925858079482067,3,100.0,3.074115010562935,3,33.33333333333333,-0.39852173687738773,8.565362533780183,-9.897022812021184
TIGR,2h,0,,,2025-06-23 15:30:00,8.03,0,0,0.0,0.0,0,0.0,0.0,0,0.0,0.0,0,0.0,0.0,0,0.0,0.0,0,0.0,0.0,0,0.0,0.0,0,0.0,0.0,0,0.0,0.0,0,0.0,0.0,0,0.0,0.0,0,0.0,0.0,0.0,0.0
TIGR,3h,0,,,2025-06-23 15:30:00,8.03,0,0,0.0,0.0,0,0.0,0.0,0,0.0,0.0,0,0.0,0.0,0,0.0,0.0,0,0.0,0.0,0,0.0,0.0,0,0.0,0.0,0,0.0,0.0,0,0.0,0.0,0,0.0,0.0,0,0.0,0.0,0.0,0.0
TIGR,4h,0,,,2025-06-23 13:30:00,8.03,0,0,0.0,0.0,0,0.0,0.0,0,0.0,0.0,0,0.0,0.0,0,0.0,0.0,0,0.0,0.0,0,0.0,0.0,0,0.0,0.0,0,0.0,0.0,0,0.0,0.0,0,0.0,0.0,0,0.0,0.0,0.0,0.0
TIGR,1d,2,2024-09-17 00:00:00,3.55,2025-06-23 00:00:00,8.03,190,2,50.0,-0.7678941190902961,2,50.0,7.694388547107915,2,100.0,39.66428666059875,2,100.0,108.64364306504697,2,100.0,156.2820764587143,2,100.0,90.98205185750513,2,100.0,92.62203371648184,2,100.0,71.72100826347538,2,100.0,54.862049331039216,2,100.0,80.45147530550909,2,100.0,72.91529932539969,2,100.0,96.71039309474656,213.97259558135264,-6.301370220932368
TIGR,1w,0,,,2025-06-29 00:00:00,8.03,0,0,0.0,0.0,0,0.0,0.0,0,0.0,0.0,0,0.0,0.0,0,0.0,0.0,0,0.0,0.0,0,0.0,0.0,0,0.0,0.0,0,0.0,0.0,0,0.0,0.0,0,0.0,0.0,0,0.0,0.0,0.0,0.0
TLRY,5m,19,2025-06-20 15:10:00,0.37,2025-06-23 15:55:00,0.36,87,17,23.52941176470588,-0.5826386782748236,17,35.294117647058826,-0.5004195396701948,17,58.82352941176471,-0.1000401304717186,17,58.82352941176471,0.6216376087519115,17,64.70588235294117,0.5489820299574352,17,47.05882352941176,0.35318463877511086,17,47.05882352941176,1.1330037996246198,17,52.94117647058824,0.3807380757805041,17,52.94117647058824,0.11998195628017992,17,41.17647058823529,-0.3463796803508922,17,58.82352941176471,0.7542241222550973,17,52.94117647058824,-0.07164278040195322,6.084774293935248,-7.794284820556641
TLRY,10m,12,2025-06-23 11:00:00,0.36,2025-06-23 15:50:00,0.36,29,7,28.57142857142857,-0.055586058052368284,7,14.285714285714285,-0.5198941296327855,7,57.14285714285714,0.6522694490326931,7,57.14285714285714,1.1410219454048887,7,57.14285714285714,-0.627590163832504,7,57.14285714285714,-0.17418103194059475,7,57.14285714285714,-0.6079367464165318,7,57.14285714285714,0.37909913747202345,7,42.857142857142854,-0.5753760465733946,7,28.57142857142857,-2.107714332303471,7,14.285714285714285,-3.4443515495310693,7,14.285714285714285,-4.366031905190338,5.191593932792485,-10.84474547965784
TLRY,15m,7,2025-06-23 11:15:00,0.36,2025-06-23 15:45:00,0.36,18,4,25.0,-1.129738878938959,4,50.0,1.259266876279305,4,50.0,1.3422059711857324,4,50.0,0.07164306169790735,4,50.0,0.6782129868211534,4,75.0,1.3098464947315458,4,25.0,0.2795601079511435,4,0.0,-1.3849394285090313,4,25.0,-2.5628728620609644,4,0.0,-4.0301907850785685,4,25.0,-2.7507036095505217,4,25.0,-1.7776172873089275,10.971083647612694,-9.059576032241095
TLRY,30m,5,2025-06-23 13:00:00,0.36,2025-06-23 15:30:00,0.36,5,3,0.0,-3.7886713492957154,3,33.33333333333333,-1.9076569315829335,3,66.66666666666666,-2.299790181085779,3,66.66666666666666,-2.3385807383182504,3,66.66666666666666,-1.5882596513417269,3,66.66666666666666,-1.6546165633454244,3,66.66666666666666,0.13778450545441334,3,66.66666666666666,2.0565705375387844,3,66.66666666666666,2.9082802060981856,3,66.66666666666666,1.778424718298434,3,66.66666666666666,0.3600244408711877,3,66.66666666666666,-0.5556149348886744,11.004054143505133,-10.41145699072429
TLRY,1h,4,2025-06-06 09:30:00,0.39,2025-06-23 15:30:00,0.36,76,3,66.66666666666666,0.9720632850867693,3,66.66666666666666,1.1124870212601043,3,100.0,2.2762470372944055,3,66.66666666666666,1.4540693892366339,3,66.66666666666666,0.3045256501956204,3,66.66666666666666,7.411360963278774,3,100.0,9.738357522080134,3,100.0,10.034778449465554,3,100.0,7.730161576256802,3,100.0,7.357021641319792,3,0.0,-4.7061198382014515,3,0.0,-3.836059098853818,16.257048820234612,-6.036392299889409
TLRY,2h,2,2025-05-15 13:30:00,0.44,2025-06-23 15:30:00,0.36,101,2,100.0,4.750092414761059,2,100.0,7.14361786175157,2,50.0,1.83573264565285,2,100.0,2.963420002129366,2,100.0,1.4213589021604338,2,100.0,0.9169789731934352,2,100.0,8.961164844278866,2,100.0,1.5979189749438079,2,50.0,-2.8760765292390844,2,50.0,-1.7807014277317732,2,0.0,-8.343687784135852,2,0.0,-9.831030439521932,12.730202191335167,-17.429095764021234
TLRY,3h,2,2025-06-04 15:30:00,0.41,2025-06-23 15:30:00,0.36,0,0,0.0,0.0,0,0.0,0.0,0,0.0,0.0,0,0.0,0.0,0,0.0,0.0,0,0.0,0.0,0,0.0,0.0,0,0.0,0.0,0,0.0,0.0,0,0.0,0.0,0,0.0,0.0,0,0.0,0.0,0.0,0.0
TLRY,4h,3,2025-06-06 09:30:00,0.4,2025-06-23 13:30:00,0.36,0,0,0.0,0.0,0,0.0,0.0,0,0.0,0.0,0,0.0,0.0,0,0.0,0.0,0,0.0,0.0,0,0.0,0.0,0,0.0,0.0,0,0.0,0.0,0,0.0,0.0,0,0.0,0.0,0,0.0,0.0,0.0,0.0
TLRY,1d,8,2025-06-09 00:00:00,0.41,2025-06-23 00:00:00,0.36,9,4,75.0,5.891000969518584,4,75.0,6.983873321336793,4,100.0,9.868681729471113,4,0.0,-6.870014537078608,4,0.0,-13.205767809148117,4,0.0,-14.44972216560738,4,0.0,-19.225945557162262,4,0.0,-27.38025744084541,4,0.0,-30.287453030803213,4,0.0,-37.73477746631452,4,0.0,-54.25368303916718,4,0.0,-62.78084374081715,17.741937654695683,-64.51612949743479
TLRY,1w,0,,,2025-06-29 00:00:00,0.36,0,0,0.0,0.0,0,0.0,0.0,0,0.0,0.0,0,0.0,0.0,0,0.0,0.0,0,0.0,0.0,0,0.0,0.0,0,0.0,0.0,0,0.0,0.0,0,0.0,0.0,0,0.0,0.0,0,0.0,0.0,0.0,0.0
TSLA,5m,6,2025-06-17 14:30:00,316.51,2025-06-23 15:55:00,348.71,251,6,33.33333333333333,-0.034835369291058065,6,66.66666666666666,0.22937103618155494,6,66.66666666666666,0.2413585403037131,6,66.66666666666666,-0.34851301054435896,6,66.66666666666666,-1.2007601377750186,6,66.66666666666666,-1.1852264373722317,6,33.33333333333333,-0.4642650518596681,6,33.33333333333333,-0.5079045592455901,6,50.0,-0.10335260862732598,6,33.33333333333333,-0.2604795554031159,6,33.33333333333333,-1.096279366024048,6,33.33333333333333,-1.1607422491086303,5.113439776138118,-8.253210054671337
TSLA,10m,3,2025-06-17 14:50:00,317.38,2025-06-23 15:50:00,348.71,123,3,33.33333333333333,-0.2506233871184072,3,66.66666666666666,-0.4021623895670062,3,66.66666666666666,0.6615056834409053,3,66.66666666666666,0.5620244556597398,3,66.66666666666666,0.8060187635223178,3,66.66666666666666,1.0243263408735943,3,66.66666666666666,0.56336297893404,3,100.0,1.7907722719026236,3,100.0,1.5070092135404465,3,100.0,1.5013417058837815,3,100.0,1.3020226903302652,3,66.66666666666666,7.732745495567376,11.872325914799207,-3.412576924338791
TSLA,15m,2,2025-06-04 12:30:00,332.91,2025-06-23 15:45:00,348.71,325,2,0.0,-0.19305721682116456,2,50.0,0.23958539046553753,2,50.0,0.11996707160588096,2,50.0,-2.814636859800431,2,0.0,-4.519210956457236,2,0.0,-4.8162090087792295,2,0.0,-9.148171356280141,2,0.0,-12.963253456783399,2,0.0,-9.52504147111326,2,0.0,-9.810779872805897,2,0.0,-11.26287106357708,2,0.0,-4.7673501208307965,0.7380375192677101,-15.680315652295501
TSLA,30m,2,2025-06-04 14:30:00,334.39,2025-06-23 15:30:00,348.71,158,2,0.0,-3.257045427561968,2,0.0,-5.446424020309273,2,0.0,-8.026299717486907,2,0.0,-14.439353181445643,2,0.0,-9.865754554916343,2,0.0,-10.36269481837661,2,0.0,-12.27744979732425,2,0.0,-10.122467227681007,2,0.0,-4.738125640990216,2,0.0,-1.3163189378967246,2,0.0,-4.6547875704408215,2,0.0,-1.2864005983376807,-0.43146491689284105,-14.851687732233444
TSLA,1h,0,,,2025-06-23 15:30:00,348.71,0,0,0.0,0.0,0,0.0,0.0,0,0.0,0.0,0,0.0,0.0,0,0.0,0.0,0,0.0,0.0,0,0.0,0.0,0,0.0,0.0,0,0.0,0.0,0,0.0,0.0,0,0.0,0.0,0,0.0,0.0,0.0,0.0
TSLA,2h,0,,,2025-06-23 15:30:00,348.71,0,0,0.0,0.0,0,0.0,0.0,0,0.0,0.0,0,0.0,0.0,0,0.0,0.0,0,0.0,0.0,0,0.0,0.0,0,0.0,0.0,0,0.0,0.0,0,0.0,0.0,0,0.0,0.0,0,0.0,0.0,0.0,0.0
TSLA,3h,0,,,2025-06-23 15:30:00,348.71,0,0,0.0,0.0,0,0.0,0.0,0,0.0,0.0,0,0.0,0.0,0,0.0,0.0,0,0.0,0.0,0,0.0,0.0,0,0.0,0.0,0,0.0,0.0,0,0.0,0.0,0,0.0,0.0,0,0.0,0.0,0.0,0.0
TSLA,4h,0,,,2025-06-23 13:30:00,348.71,0,0,0.0,0.0,0,0.0,0.0,0,0.0,0.0,0,0.0,0.0,0,0.0,0.0,0,0.0,0.0,0,0.0,0.0,0,0.0,0.0,0,0.0,0.0,0,0.0,0.0,0,0.0,0.0,0,0.0,0.0,0.0,0.0
TSLA,1d,0,,,2025-06-23 00:00:00,348.68,0,0,0.0,0.0,0,0.0,0.0,0,0.0,0.0,0,0.0,0.0,0,0.0,0.0,0,0.0,0.0,0,0.0,0.0,0,0.0,0.0,0,0.0,0.0,0,0.0,0.0,0,0.0,0.0,0,0.0,0.0,0.0,0.0
TSLA,1w,0,,,2025-06-29 00:00:00,348.68,0,0,0.0,0.0,0,0.0,0.0,0,0.0,0.0,0,0.0,0.0,0,0.0,0.0,0,0.0,0.0,0,0.0,0.0,0,0.0,0.0,0,0.0,0.0,0,0.0,0.0,0,0.0,0.0,0,0.0,0.0,0.0,0.0
TSM,5m,9,2025-06-20 15:45:00,209.12,2025-06-23 15:55:00,210.26,80,8,62.5,0.09130691251617946,8,62.5,0.09095694678221802,8,37.5,0.16917288484762188,8,50.0,0.25855462414418373,8,50.0,0.14516350188690108,8,50.0,0.17910530366812427,8,62.5,0.222889389035957,8,50.0,0.21561887448746764,8,50.0,0.13341719054996792,8,50.0,0.11711476467336768,8,37.5,-0.1455115737993819,8,50.0,0.28439724986473347,2.7581679931773015,-2.1569272926147187
TSM,10m,6,2025-06-23 13:00:00,208.86,2025-06-23 15:50:00,210.26,17,2,50.0,0.48898565729359283,2,50.0,0.8268586857910852,2,100.0,2.1123690530561694,2,100.0,2.4821831054644328,2,100.0,2.219779940673328,2,100.0,2.059169522994341,2,100.0,1.971792225151396,2,100.0,1.8100365439962192,2,100.0,1.5360967179947296,2,100.0,1.7640189235502057,2,100.0,1.0567444821088334,2,100.0,1.3531345694858876,2.6393310051312904,-0.32578018482730303
TSM,15m,2,2025-06-23 13:00:00,208.93,2025-06-23 15:45:00,210.26,0,0,0.0,0.0,0,0.0,0.0,0,0.0,0.0,0,0.0,0.0,0,0.0,0.0,0,0.0,0.0,0,0.0,0.0,0,0.0,0.0,0,0.0,0.0,0,0.0,0.0,0,0.0,0.0,0,0.0,0.0,0.0,0.0
TSM,30m,0,,,2025-06-23 15:30:00,210.26,0,0,0.0,0.0,0,0.0,0.0,0,0.0,0.0,0,0.0,0.0,0,0.0,0.0,0,0.0,0.0,0,0.0,0.0,0,0.0,0.0,0,0.0,0.0,0,0.0,0.0,0,0.0,0.0,0,0.0,0.0,0.0,0.0
TSM,1h,0,,,2025-06-23 15:30:00,210.26,0,0,0.0,0.0,0,0.0,0.0,0,0.0,0.0,0,0.0,0.0,0,0.0,0.0,0,0.0,0.0,0,0.0,0.0,0,0.0,0.0,0,0.0,0.0,0,0.0,0.0,0,0.0,0.0,0,0.0,0.0,0.0,0.0
TSM,2h,0,,,2025-06-23 15:30:00,210.26,0,0,0.0,0.0,0,0.0,0.0,0,0.0,0.0,0,0.0,0.0,0,0.0,0.0,0,0.0,0.0,0,0.0,0.0,0,0.0,0.0,0,0.0,0.0,0,0.0,0.0,0,0.0,0.0,0,0.0,0.0,0.0,0.0
TSM,3h,0,,,2025-06-23 15:30:00,210.26,0,0,0.0,0.0,0,0.0,0.0,0,0.0,0.0,0,0.0,0.0,0,0.0,0.0,0,0.0,0.0,0,0.0,0.0,0,0.0,0.0,0,0.0,0.0,0,0.0,0.0,0,0.0,0.0,0,0.0,0.0,0.0,0.0
TSM,4h,0,,,2025-06-23 13:30:00,210.26,0,0,0.0,0.0,0,0.0,0.0,0,0.0,0.0,0,0.0,0.0,0,0.0,0.0,0,0.0,0.0,0,0.0,0.0,0,0.0,0.0,0,0.0,0.0,0,0.0,0.0,0,0.0,0.0,0,0.0,0.0,0.0,0.0
TSM,1d,0,,,2025-06-23 00:00:00,210.32,0,0,0.0,0.0,0,0.0,0.0,0,0.0,0.0,0,0.0,0.0,0,0.0,0.0,0,0.0,0.0,0,0.0,0.0,0,0.0,0.0,0,0.0,0.0,0,0.0,0.0,0,0.0,0.0,0,0.0,0.0,0.0,0.0
TSM,1w,0,,,2025-06-29 00:00:00,210.32,0,0,0.0,0.0,0,0.0,0.0,0,0.0,0.0,0,0.0,0.0,0,0.0,0.0,0,0.0,0.0,0,0.0,0.0,0,0.0,0.0,0,0.0,0.0,0,0.0,0.0,0,0.0,0.0,0,0.0,0.0,0.0,0.0
U,5m,14,2025-06-23 10:00:00,23.03,2025-06-23 15:55:00,23.3,71,13,30.76923076923077,-0.02315174618992338,13,38.46153846153847,0.31104223344842524,13,38.46153846153847,0.3460046126721931,13,53.84615384615385,0.9560317254829587,13,61.53846153846154,1.3005891829647664,13,69.23076923076923,1.654025780606346,13,61.53846153846154,1.9284895721508626,13,53.84615384615385,2.105866249555953,13,53.84615384615385,2.1192460671737265,13,46.15384615384615,0.6124497982015711,13,38.46153846153847,0.12508411683377457,13,23.076923076923077,-1.051924972323008,7.148331775433789,-5.054862430987539
U,10m,6,2025-06-23 10:00:00,23.08,2025-06-23 15:50:00,23.3,35,5,80.0,0.7492509198988936,5,80.0,1.5172902314879173,5,60.0,1.6018601331421678,5,80.0,1.979024178565296,5,80.0,2.1032973620220536,5,60.0,2.19576975258496,5,40.0,-0.6730312972569104,5,60.0,0.3244398949335222,5,60.0,0.26222678396359056,5,40.0,-0.9570378194400823,5,60.0,-0.7515785549194823,5,40.0,-1.4585002707732735,6.913672440196826,-4.673093976656462
U,15m,9,2025-06-17 14:45:00,23.56,2025-06-23 15:45:00,23.3,82,5,40.0,0.25199283338897466,5,80.0,0.8617927419558121,5,100.0,1.1316018862203985,5,60.0,0.7987527624141144,5,80.0,1.184024720168239,5,60.0,0.945261687046214,5,60.0,0.6290478106236852,5,60.0,0.24840317235588277,5,60.0,0.08702774845144419,5,80.0,0.013950669644603498,5,80.0,0.34552593887228084,5,0.0,-1.4230512029183198,4.004059706214041,-2.749698009554791
U,30m,7,2025-06-18 09:30:00,23.87,2025-06-23 15:30:00,23.3,38,2,50.0,0.165979614620614,2,50.0,0.7796094246883506,2,50.0,-0.005310563849704186,2,0.0,-1.605754642947434,2,0.0,-1.3812674939618632,2,50.0,-0.5963472116927102,2,50.0,0.541278524174529,2,50.0,0.13208503241671038,2,0.0,-1.140211676647783,2,0.0,-2.229131131865689,2,0.0,-3.3555614169467862,2,0.0,-6.355901502163418,1.6897941122249682,-6.6301712854771875
U,1h,3,2025-06-18 13:30:00,23.82,2025-06-23 15:30:00,23.3,0,0,0.0,0.0,0,0.0,0.0,0,0.0,0.0,0,0.0,0.0,0,0.0,0.0,0,0.0,0.0,0,0.0,0.0,0,0.0,0.0,0,0.0,0.0,0,0.0,0.0,0,0.0,0.0,0,0.0,0.0,0.0,0.0
U,2h,1,2025-06-16 09:30:00,24.18,2025-06-23 15:30:00,23.3,0,0,0.0,0.0,0,0.0,0.0,0,0.0,0.0,0,0.0,0.0,0,0.0,0.0,0,0.0,0.0,0,0.0,0.0,0,0.0,0.0,0,0.0,0.0,0,0.0,0.0,0,0.0,0.0,0,0.0,0.0,0.0,0.0
U,3h,0,,,2025-06-23 15:30:00,23.3,0,0,0.0,0.0,0,0.0,0.0,0,0.0,0.0,0,0.0,0.0,0,0.0,0.0,0,0.0,0.0,0,0.0,0.0,0,0.0,0.0,0,0.0,0.0,0,0.0,0.0,0,0.0,0.0,0,0.0,0.0,0.0,0.0
U,4h,0,,,2025-06-23 13:30:00,23.3,0,0,0.0,0.0,0,0.0,0.0,0,0.0,0.0,0,0.0,0.0,0,0.0,0.0,0,0.0,0.0,0,0.0,0.0,0,0.0,0.0,0,0.0,0.0,0,0.0,0.0,0,0.0,0.0,0,0.0,0.0,0.0,0.0
U,1d,0,,,2025-06-23 00:00:00,23.3,0,0,0.0,0.0,0,0.0,0.0,0,0.0,0.0,0,0.0,0.0,0,0.0,0.0,0,0.0,0.0,0,0.0,0.0,0,0.0,0.0,0,0.0,0.0,0,0.0,0.0,0,0.0,0.0,0,0.0,0.0,0.0,0.0
U,1w,0,,,2025-06-29 00:00:00,23.3,0,0,0.0,0.0,0,0.0,0.0,0,0.0,0.0,0,0.0,0.0,0,0.0,0.0,0,0.0,0.0,0,0.0,0.0,0,0.0,0.0,0,0.0,0.0,0,0.0,0.0,0,0.0,0.0,0,0.0,0.0,0.0,0.0
UPST,5m,15,2025-06-23 09:40:00,57.97,2025-06-23 15:55:00,59.08,75,14,71.42857142857143,0.23647706703480026,14,64.28571428571429,0.131102063789988,14,57.14285714285714,0.05909538428011069,14,64.28571428571429,0.34783003305056753,14,64.28571428571429,0.49378802657553617,14,57.14285714285714,0.8959835670375015,14,50.0,1.8830316378871672,14,71.42857142857143,2.608706937006768,14,71.42857142857143,2.744891498983315,14,57.14285714285714,2.7811426812135354,14,71.42857142857143,2.35868910181512,14,71.42857142857143,2.0296357439621766,13.216871306270328,-8.409270293424134
UPST,10m,4,2025-06-23 13:00:00,56.87,2025-06-23 15:50:00,59.08,17,3,33.33333333333333,0.05001334657984424,3,33.33333333333333,-0.6632023325591626,3,66.66666666666666,-0.7334755836985858,3,66.66666666666666,1.1594676314498171,3,66.66666666666666,1.8301827334204945,3,66.66666666666666,2.4374421198560126,3,66.66666666666666,2.2839946206558697,3,66.66666666666666,1.0777913624906514,3,66.66666666666666,0.45934109063723233,3,66.66666666666666,0.9535698929297004,3,66.66666666666666,2.3078713366733727,3,66.66666666666666,7.271310985370154,14.234907178267283,-6.105282334528531
UPST,15m,0,,,2025-06-23 15:45:00,59.08,0,0,0.0,0.0,0,0.0,0.0,0,0.0,0.0,0,0.0,0.0,0,0.0,0.0,0,0.0,0.0,0,0.0,0.0,0,0.0,0.0,0,0.0,0.0,0,0.0,0.0,0,0.0,0.0,0,0.0,0.0,0.0,0.0
UPST,30m,0,,,2025-06-23 15:30:00,59.08,0,0,0.0,0.0,0,0.0,0.0,0,0.0,0.0,0,0.0,0.0,0,0.0,0.0,0,0.0,0.0,0,0.0,0.0,0,0.0,0.0,0,0.0,0.0,0,0.0,0.0,0,0.0,0.0,0,0.0,0.0,0.0,0.0
UPST,1h,0,,,2025-06-23 15:30:00,59.08,0,0,0.0,0.0,0,0.0,0.0,0,0.0,0.0,0,0.0,0.0,0,0.0,0.0,0,0.0,0.0,0,0.0,0.0,0,0.0,0.0,0,0.0,0.0,0,0.0,0.0,0,0.0,0.0,0,0.0,0.0,0.0,0.0
UPST,2h,0,,,2025-06-23 15:30:00,59.08,0,0,0.0,0.0,0,0.0,0.0,0,0.0,0.0,0,0.0,0.0,0,0.0,0.0,0,0.0,0.0,0,0.0,0.0,0,0.0,0.0,0,0.0,0.0,0,0.0,0.0,0,0.0,0.0,0,0.0,0.0,0.0,0.0
UPST,3h,0,,,2025-06-23 15:30:00,59.08,0,0,0.0,0.0,0,0.0,0.0,0,0.0,0.0,0,0.0,0.0,0,0.0,0.0,0,0.0,0.0,0,0.0,0.0,0,0.0,0.0,0,0.0,0.0,0,0.0,0.0,0,0.0,0.0,0,0.0,0.0,0.0,0.0
UPST,4h,0,,,2025-06-23 13:30:00,59.08,0,0,0.0,0.0,0,0.0,0.0,0,0.0,0.0,0,0.0,0.0,0,0.0,0.0,0,0.0,0.0,0,0.0,0.0,0,0.0,0.0,0,0.0,0.0,0,0.0,0.0,0,0.0,0.0,0,0.0,0.0,0.0,0.0
UPST,1d,2,2025-04-11 00:00:00,38.99,2025-06-23 00:00:00,59.07,0,0,0.0,0.0,0,0.0,0.0,0,0.0,0.0,0,0.0,0.0,0,0.0,0.0,0,0.0,0.0,0,0.0,0.0,0,0.0,0.0,0,0.0,0.0,0,0.0,0.0,0,0.0,0.0,0,0.0,0.0,0.0,0.0
UPST,1w,0,,,2025-06-29 00:00:00,59.07,0,0,0.0,0.0,0,0.0,0.0,0,0.0,0.0,0,0.0,0.0,0,0.0,0.0,0,0.0,0.0,0,0.0,0.0,0,0.0,0.0,0,0.0,0.0,0,0.0,0.0,0,0.0,0.0,0,0.0,0.0,0.0,0.0
VRT,5m,10,2025-06-20 15:20:00,118.48,2025-06-23 15:55:00,116.52,85,9,44.44444444444444,-0.20199194313371185,9,33.33333333333333,-0.3517292373526843,9,22.22222222222222,-0.44267825815740036,9,33.33333333333333,-0.21220210175045576,9,33.33333333333333,-0.04908112538610486,9,44.44444444444444,0.14601623415147888,9,44.44444444444444,0.14421904690570359,9,44.44444444444444,0.29694520098376787,9,44.44444444444444,0.4520249868922534,9,44.44444444444444,0.33068815857807204,9,44.44444444444444,0.7884382277497828,9,44.44444444444444,0.5728820447524787,7.0493562018169005,-3.928544764391675
VRT,10m,2,2025-06-20 15:20:00,118.56,2025-06-23 15:50:00,116.52,42,1,0.0,-1.661900583790056,1,0.0,-2.04595389502249,1,0.0,-3.2797105780322404,1,0.0,-3.2974837916903414,1,0.0,-3.5730194614994284,1,0.0,-3.928544764391675,1,0.0,-3.781890322658081,1,0.0,-2.9686284809069505,1,0.0,-1.6487452863857388,1,0.0,-0.6577241837290535,1,0.0,-0.7288238194425938,1,100.0,1.4620892470294289,1.4620892470294289,-3.928544764391675
VRT,15m,0,,,2025-06-23 15:45:00,116.52,0,0,0.0,0.0,0,0.0,0.0,0,0.0,0.0,0,0.0,0.0,0,0.0,0.0,0,0.0,0.0,0,0.0,0.0,0,0.0,0.0,0,0.0,0.0,0,0.0,0.0,0,0.0,0.0,0,0.0,0.0,0.0,0.0
VRT,30m,0,,,2025-06-23 15:30:00,116.52,0,0,0.0,0.0,0,0.0,0.0,0,0.0,0.0,0,0.0,0.0,0,0.0,0.0,0,0.0,0.0,0,0.0,0.0,0,0.0,0.0,0,0.0,0.0,0,0.0,0.0,0,0.0,0.0,0,0.0,0.0,0.0,0.0
VRT,1h,2,2025-05-23 11:30:00,103.75,2025-06-23 15:30:00,116.52,137,2,50.0,0.06022239145643357,2,100.0,2.6986097737991543,2,100.0,5.150531797771755,2,100.0,6.853929402710046,2,50.0,0.5921052991623821,2,50.0,-0.42503334167839135,2,50.0,-8.607933614219462,2,50.0,1.567759760428995,2,50.0,3.9596052948969533,2,50.0,1.5651052808698092,2,100.0,3.3315378358127976,2,50.0,0.1358634810451087,9.503615046121988,-20.078519007429886
VRT,2h,0,,,2025-06-23 15:30:00,116.52,0,0,0.0,0.0,0,0.0,0.0,0,0.0,0.0,0,0.0,0.0,0,0.0,0.0,0,0.0,0.0,0,0.0,0.0,0,0.0,0.0,0,0.0,0.0,0,0.0,0.0,0,0.0,0.0,0,0.0,0.0,0.0,0.0
VRT,3h,0,,,2025-06-23 15:30:00,116.52,0,0,0.0,0.0,0,0.0,0.0,0,0.0,0.0,0,0.0,0.0,0,0.0,0.0,0,0.0,0.0,0,0.0,0.0,0,0.0,0.0,0,0.0,0.0,0,0.0,0.0,0,0.0,0.0,0,0.0,0.0,0.0,0.0
VRT,4h,0,,,2025-06-23 13:30:00,116.52,0,0,0.0,0.0,0,0.0,0.0,0,0.0,0.0,0,0.0,0.0,0,0.0,0.0,0,0.0,0.0,0,0.0,0.0,0,0.0,0.0,0,0.0,0.0,0,0.0,0.0,0,0.0,0.0,0,0.0,0.0,0.0,0.0
VRT,1d,2,2025-04-09 00:00:00,72.8,2025-06-23 00:00:00,116.54,0,0,0.0,0.0,0,0.0,0.0,0,0.0,0.0,0,0.0,0.0,0,0.0,0.0,0,0.0,0.0,0,0.0,0.0,0,0.0,0.0,0,0.0,0.0,0,0.0,0.0,0,0.0,0.0,0,0.0,0.0,0.0,0.0
VRT,1w,0,,,2025-06-29 00:00:00,116.54,0,0,0.0,0.0,0,0.0,0.0,0,0.0,0.0,0,0.0,0.0,0,0.0,0.0,0,0.0,0.0,0,0.0,0.0,0,0.0,0.0,0,0.0,0.0,0,0.0,0.0,0,0.0,0.0,0,0.0,0.0,0.0,0.0
VST,5m,7,2025-06-09 13:40:00,171.21,2025-06-23 15:55:00,186.55,729,7,57.14285714285714,0.001506790661591825,7,57.14285714285714,0.08628424792201649,7,71.42857142857143,0.23970710698116687,7,57.14285714285714,0.11499954056664993,7,57.14285714285714,0.02926380618837393,7,42.857142857142854,-0.06073564899220031,7,14.285714285714285,-0.42379973601750026,7,14.285714285714285,-0.9753990923127989,7,14.285714285714285,-1.1482123725195872,7,14.285714285714285,-0.9541240214779718,7,14.285714285714285,-0.9025059609293117,7,14.285714285714285,-0.14415684614597232,6.28880654368887,-5.898696655009287
VST,10m,2,2025-06-04 15:40:00,172.9,2025-06-23 15:50:00,186.55,469,2,50.0,-0.1376633920822394,2,50.0,-0.055529376494173555,2,50.0,0.12618390173436328,2,0.0,-0.5185807766215531,2,0.0,-0.6311830178019324,2,50.0,-0.22541019670980122,2,50.0,-0.27195251565484846,2,50.0,1.1469133824692963,2,50.0,2.58275264509271,2,50.0,2.138518938690237,2,50.0,4.097625280046953,2,50.0,4.592565727381681,9.986201313000791,-1.7062360827923986
VST,15m,0,,,2025-06-23 15:45:00,186.55,0,0,0.0,0.0,0,0.0,0.0,0,0.0,0.0,0,0.0,0.0,0,0.0,0.0,0,0.0,0.0,0,0.0,0.0,0,0.0,0.0,0,0.0,0.0,0,0.0,0.0,0,0.0,0.0,0,0.0,0.0,0.0,0.0
VST,30m,0,,,2025-06-23 15:30:00,186.55,0,0,0.0,0.0,0,0.0,0.0,0,0.0,0.0,0,0.0,0.0,0,0.0,0.0,0,0.0,0.0,0,0.0,0.0,0,0.0,0.0,0,0.0,0.0,0,0.0,0.0,0,0.0,0.0,0,0.0,0.0,0.0,0.0
VST,1h,1,2025-03-31 11:30:00,116.5,2025-06-23 15:30:00,186.55,403,1,100.0,0.19742777419192595,1,100.0,1.021801862593884,1,100.0,3.3047197202756164,1,100.0,9.030040036966874,1,0.0,-4.4195740008047215,1,0.0,-7.201716214290505,1,0.0,-17.87982989790102,1,0.0,-4.639483930726931,1,0.0,-4.450641681196352,1,0.0,-6.257511515474115,1,0.0,-0.4549345745037554,1,0.0,-10.017165810253486,9.030040036966874,-17.87982989790102
VST,2h,0,,,2025-06-23 15:30:00,186.55,0,0,0.0,0.0,0,0.0,0.0,0,0.0,0.0,0,0.0,0.0,0,0.0,0.0,0,0.0,0.0,0,0.0,0.0,0,0.0,0.0,0,0.0,0.0,0,0.0,0.0,0,0.0,0.0,0,0.0,0.0,0.0,0.0
VST,3h,0,,,2025-06-23 15:30:00,186.55,0,0,0.0,0.0,0,0.0,0.0,0,0.0,0.0,0,0.0,0.0,0,0.0,0.0,0,0.0,0.0,0,0.0,0.0,0,0.0,0.0,0,0.0,0.0,0,0.0,0.0,0,0.0,0.0,0,0.0,0.0,0.0,0.0
VST,4h,0,,,2025-06-23 13:30:00,186.55,0,0,0.0,0.0,0,0.0,0.0,0,0.0,0.0,0,0.0,0.0,0,0.0,0.0,0,0.0,0.0,0,0.0,0.0,0,0.0,0.0,0,0.0,0.0,0,0.0,0.0,0,0.0,0.0,0,0.0,0.0,0.0,0.0
VST,1d,1,2025-04-09 00:00:00,117.87,2025-06-23 00:00:00,186.55,0,0,0.0,0.0,0,0.0,0.0,0,0.0,0.0,0,0.0,0.0,0,0.0,0.0,0,0.0,0.0,0,0.0,0.0,0,0.0,0.0,0,0.0,0.0,0,0.0,0.0,0,0.0,0.0,0,0.0,0.0,0.0,0.0
VST,1w,0,,,2025-06-29 00:00:00,186.55,0,0,0.0,0.0,0,0.0,0.0,0,0.0,0.0,0,0.0,0.0,0,0.0,0.0,0,0.0,0.0,0,0.0,0.0,0,0.0,0.0,0,0.0,0.0,0,0.0,0.0,0,0.0,0.0,0,0.0,0.0,0.0,0.0
WMT,5m,15,2025-06-13 15:05:00,94.46,2025-06-23 15:55:00,97.85,400,15,20.0,-0.015997926526755364,15,20.0,-0.059202493983717644,15,40.0,-0.08170937348351696,15,60.0,0.14853540511493588,15,73.33333333333333,0.2585144529399963,15,60.0,0.142696381769612,15,53.333333333333336,0.048349544809753196,15,60.0,-0.11024467531854255,15,46.666666666666664,-0.34762158205578897,15,46.666666666666664,-0.3957522340268722,15,40.0,-0.25208916217713384,15,20.0,-0.5171154453210048,1.2649514971767928,-2.2945588861110684
WMT,10m,7,2025-06-13 15:00:00,94.46,2025-06-23 15:50:00,97.85,200,7,57.14285714285714,-0.02372930190206013,7,57.14285714285714,0.12982444076201186,7,71.42857142857143,0.15768546416715054,7,71.42857142857143,-0.013810110544446983,7,42.857142857142854,-0.4017522521021717,7,71.42857142857143,-0.31675160069121705,7,71.42857142857143,-0.29014666918620424,7,28.57142857142857,-0.704267409283867,7,28.57142857142857,-0.5998234930238777,7,28.57142857142857,-0.45683759333276613,7,14.285714285714285,-0.609292248858031,7,28.57142857142857,-0.48169811343562585,2.4425258556916973,-2.382435291015088
WMT,15m,2,2025-06-13 15:45:00,94.4,2025-06-23 15:45:00,97.85,130,2,100.0,0.8325699319122034,2,100.0,0.7093263390382476,2,100.0,0.3930544544073761,2,50.0,0.06304595318189711,2,100.0,0.5395804455759021,2,50.0,-0.006418308815918379,2,50.0,-0.0643429601248372,2,50.0,0.05222565486269451,2,0.0,-0.2777743328635866,2,100.0,0.48053991618612374,2,50.0,0.008705498134680356,2,50.0,-0.643928183488485,1.721398277260113,-3.009254644237083
WMT,30m,3,2025-06-17 10:30:00,94.47,2025-06-23 15:30:00,97.85,49,2,50.0,0.28418962137816123,2,0.0,-0.22070534046120535,2,50.0,-0.024522262419292867,2,50.0,-0.42482705944883825,2,50.0,-0.8619073173154257,2,50.0,-0.5802660196163805,2,50.0,-0.020689007228472778,2,50.0,-0.1916662841003436,2,50.0,0.2731097159551289,2,50.0,-0.757709251464747,2,0.0,-0.998523972692226,2,0.0,-0.5587291952692426,2.483603213321401,-2.5625085336016573
WMT,1h,3,2025-05-15 11:30:00,96.37,2025-06-23 15:30:00,97.85,179,3,66.66666666666666,1.7899883418360307,3,100.0,2.7909005023628617,3,66.66666666666666,2.478379527211951,3,100.0,3.370772495027617,3,100.0,4.398719687148149,3,100.0,5.205753384920231,3,100.0,4.778022766311346,3,66.66666666666666,2.25615825853532,3,66.66666666666666,3.218562155584151,3,100.0,4.707754732534038,3,100.0,5.79984621519456,3,100.0,6.540502255130242,14.081429080351146,-0.5395914264196496
WMT,2h,0,,,2025-06-23 15:30:00,97.85,0,0,0.0,0.0,0,0.0,0.0,0,0.0,0.0,0,0.0,0.0,0,0.0,0.0,0,0.0,0.0,0,0.0,0.0,0,0.0,0.0,0,0.0,0.0,0,0.0,0.0,0,0.0,0.0,0,0.0,0.0,0.0,0.0
WMT,3h,0,,,2025-06-23 15:30:00,97.85,0,0,0.0,0.0,0,0.0,0.0,0,0.0,0.0,0,0.0,0.0,0,0.0,0.0,0,0.0,0.0,0,0.0,0.0,0,0.0,0.0,0,0.0,0.0,0,0.0,0.0,0,0.0,0.0,0,0.0,0.0,0.0,0.0
WMT,4h,0,,,2025-06-23 13:30:00,97.85,0,0,0.0,0.0,0,0.0,0.0,0,0.0,0.0,0,0.0,0.0,0,0.0,0.0,0,0.0,0.0,0,0.0,0.0,0,0.0,0.0,0,0.0,0.0,0,0.0,0.0,0,0.0,0.0,0,0.0,0.0,0.0,0.0
WMT,1d,0,,,2025-06-23 00:00:00,97.87,0,0,0.0,0.0,0,0.0,0.0,0,0.0,0.0,0,0.0,0.0,0,0.0,0.0,0,0.0,0.0,0,0.0,0.0,0,0.0,0.0,0,0.0,0.0,0,0.0,0.0,0,0.0,0.0,0,0.0,0.0,0.0,0.0
WMT,1w,0,,,2025-06-29 00:00:00,97.87,0,0,0.0,0.0,0,0.0,0.0,0,0.0,0.0,0,0.0,0.0,0,0.0,0.0,0,0.0,0.0,0,0.0,0.0,0,0.0,0.0,0,0.0,0.0,0,0.0,0.0,0,0.0,0.0,0,0.0,0.0,0.0,0.0
XIACY,5m,8,2025-06-20 09:30:00,34.37,2025-06-23 15:55:00,35.0,103,8,37.5,-0.06665587626732866,8,37.5,-0.07147368336153084,8,37.5,0.5880783564344456,8,50.0,0.6072332474069579,8,62.5,0.6190280049736232,8,50.0,0.8580372393704518,8,50.0,0.937869656382079,8,62.5,1.6651518998575003,8,62.5,1.8106783495858363,8,62.5,1.710019260677539,8,62.5,1.4152106096183266,8,87.5,2.352819200396691,5.865994300128271,-2.200492646215289
XIACY,10m,4,2025-06-20 09:30:00,34.37,2025-06-23 15:50:00,35.0,62,3,66.66666666666666,0.051126714167138924,3,66.66666666666666,1.7892378070549029,3,100.0,1.8951548755495693,3,66.66666666666666,1.817171242890345,3,66.66666666666666,1.604458735017068,3,66.66666666666666,1.6243485532195783,3,66.66666666666666,2.9234101461915145,3,66.66666666666666,2.6961807773745776,3,66.66666666666666,2.1910466358913765,3,66.66666666666666,2.1071733554570526,3,100.0,2.9701104850400575,3,100.0,3.290039887033649,5.327245300722412,-1.995700413327196
XIACY,15m,3,2025-06-20 09:30:00,34.35,2025-06-23 15:45:00,35.0,47,2,100.0,0.07623768995905199,2,100.0,0.1846896436312762,2,50.0,1.3401784658757094,2,50.0,1.6028566102689938,2,100.0,4.361388665953552,2,100.0,4.342025813486057,2,100.0,4.30461404001458,2,100.0,5.260902264640068,2,100.0,5.090729172357396,2,100.0,4.7706354028289315,2,100.0,5.033786056384345,2,100.0,6.043239152675257,8.419814413009131,-0.5454554702296401
XIACY,30m,1,2025-05-30 14:00:00,32.0,2025-06-23 15:30:00,35.0,197,1,100.0,0.31249523162841797,1,100.0,3.281247615814209,1,100.0,3.750002384185791,1,100.0,3.984379768371582,1,100.0,5.984377861022949,1,100.0,6.421875953674316,1,100.0,6.375002861022949,1,100.0,7.281255722045898,1,100.0,8.375000953674316,1,100.0,5.375003814697266,1,100.0,7.656252384185791,1,100.0,7.718753814697266,8.375000953674316,0.31249523162841797
XIACY,1h,1,2025-04-04 15:30:00,27.17,2025-06-23 15:30:00,35.0,371,1,0.0,-15.090174346547064,1,0.0,-13.875599731974345,1,0.0,-9.238131107227462,1,0.0,-3.2756694411089438,1,100.0,0.29444211807660353,1,100.0,0.625690378419512,1,100.0,4.19580193760506,1,100.0,2.9812273230323405,1,0.0,-1.729846566193316,1,0.0,-1.8034588507259264,1,100.0,12.95546723547823,1,100.0,12.661025117401625,12.95546723547823,-15.090174346547064
XIACY,2h,0,,,2025-06-23 15:30:00,35.0,0,0,0.0,0.0,0,0.0,0.0,0,0.0,0.0,0,0.0,0.0,0,0.0,0.0,0,0.0,0.0,0,0.0,0.0,0,0.0,0.0,0,0.0,0.0,0,0.0,0.0,0,0.0,0.0,0,0.0,0.0,0.0,0.0
XIACY,3h,0,,,2025-06-23 15:30:00,35.0,0,0,0.0,0.0,0,0.0,0.0,0,0.0,0.0,0,0.0,0.0,0,0.0,0.0,0,0.0,0.0,0,0.0,0.0,0,0.0,0.0,0,0.0,0.0,0,0.0,0.0,0,0.0,0.0,0,0.0,0.0,0.0,0.0
XIACY,4h,0,,,2025-06-23 13:30:00,35.0,0,0,0.0,0.0,0,0.0,0.0,0,0.0,0.0,0,0.0,0.0,0,0.0,0.0,0,0.0,0.0,0,0.0,0.0,0,0.0,0.0,0,0.0,0.0,0,0.0,0.0,0,0.0,0.0,0,0.0,0.0,0.0,0.0
XIACY,1d,0,,,2025-06-23 00:00:00,35.0,0,0,0.0,0.0,0,0.0,0.0,0,0.0,0.0,0,0.0,0.0,0,0.0,0.0,0,0.0,0.0,0,0.0,0.0,0,0.0,0.0,0,0.0,0.0,0,0.0,0.0,0,0.0,0.0,0,0.0,0.0,0.0,0.0
XIACY,1w,0,,,2025-06-29 00:00:00,35.0,0,0,0.0,0.0,0,0.0,0.0,0,0.0,0.0,0,0.0,0.0,0,0.0,0.0,0,0.0,0.0,0,0.0,0.0,0,0.0,0.0,0,0.0,0.0,0,0.0,0.0,0,0.0,0.0,0,0.0,0.0,0.0,0.0
XPEV,5m,14,2025-06-20 15:50:00,18.27,2025-06-23 15:55:00,19.16,79,13,38.46153846153847,0.017987385127378203,13,53.84615384615385,0.05267643480207228,13,53.84615384615385,-0.21282050294380642,13,53.84615384615385,0.23737514769619422,13,53.84615384615385,-0.15920186524967958,13,46.15384615384615,-0.4379426718736476,13,53.84615384615385,-0.2596777208033493,13,61.53846153846154,-0.4190884378660511,13,53.84615384615385,-0.4836641911331399,13,46.15384615384615,-0.5420149005157042,13,46.15384615384615,-0.5837791008189762,13,53.84615384615385,-0.22819569280486116,3.951153448715717,-6.393399029912379
XPEV,10m,6,2025-06-20 15:50:00,18.33,2025-06-23 15:50:00,19.16,39,1,0.0,-0.07806083543755461,1,100.0,0.13010470118006462,1,0.0,-0.13010470118006462,1,0.0,-0.06609958077043186,1,100.0,0.26020940236012924,1,100.0,0.23419243266508466,1,100.0,0.18214856692257464,1,100.0,1.4348145370240042,1,100.0,1.9729419544630569,1,100.0,1.8995564310157218,1,100.0,5.958888621759716,1,100.0,6.062966426892316,6.062966426892316,-0.13010470118006462
XPEV,15m,1,2025-06-18 15:30:00,18.57,2025-06-23 15:45:00,19.16,0,0,0.0,0.0,0,0.0,0.0,0,0.0,0.0,0,0.0,0.0,0,0.0,0.0,0,0.0,0.0,0,0.0,0.0,0,0.0,0.0,0,0.0,0.0,0,0.0,0.0,0,0.0,0.0,0,0.0,0.0,0.0,0.0
XPEV,30m,1,2025-06-18 15:30:00,18.64,2025-06-23 15:30:00,19.16,0,0,0.0,0.0,0,0.0,0.0,0,0.0,0.0,0,0.0,0.0,0,0.0,0.0,0,0.0,0.0,0,0.0,0.0,0,0.0,0.0,0,0.0,0.0,0,0.0,0.0,0,0.0,0.0,0,0.0,0.0,0.0,0.0
XPEV,1h,1,2025-06-02 13:30:00,19.33,2025-06-23 15:30:00,19.16,100,1,100.0,0.7244470070962249,1,100.0,1.392497689961553,1,100.0,4.139711283193047,1,100.0,5.588615167235729,1,100.0,4.036216033650662,1,100.0,0.28408389925409594,1,100.0,0.8538111340990889,1,100.0,4.476065909280679,1,100.0,5.640362792006921,1,0.0,-4.631308783594256,1,0.0,-3.0789195198594217,1,0.0,-0.8796898814098015,5.640362792006921,-4.631308783594256
XPEV,2h,1,2025-06-03 09:30:00,19.53,2025-06-23 15:30:00,19.16,0,0,0.0,0.0,0,0.0,0.0,0,0.0,0.0,0,0.0,0.0,0,0.0,0.0,0,0.0,0.0,0,0.0,0.0,0,0.0,0.0,0,0.0,0.0,0,0.0,0.0,0,0.0,0.0,0,0.0,0.0,0.0,0.0
XPEV,3h,0,,,2025-06-23 15:30:00,19.16,0,0,0.0,0.0,0,0.0,0.0,0,0.0,0.0,0,0.0,0.0,0,0.0,0.0,0,0.0,0.0,0,0.0,0.0,0,0.0,0.0,0,0.0,0.0,0,0.0,0.0,0,0.0,0.0,0,0.0,0.0,0.0,0.0
XPEV,4h,0,,,2025-06-23 13:30:00,19.16,0,0,0.0,0.0,0,0.0,0.0,0,0.0,0.0,0,0.0,0.0,0,0.0,0.0,0,0.0,0.0,0,0.0,0.0,0,0.0,0.0,0,0.0,0.0,0,0.0,0.0,0,0.0,0.0,0,0.0,0.0,0.0,0.0
XPEV,1d,0,,,2025-06-23 00:00:00,19.17,0,0,0.0,0.0,0,0.0,0.0,0,0.0,0.0,0,0.0,0.0,0,0.0,0.0,0,0.0,0.0,0,0.0,0.0,0,0.0,0.0,0,0.0,0.0,0,0.0,0.0,0,0.0,0.0,0,0.0,0.0,0.0,0.0
XPEV,1w,0,,,2025-06-29 00:00:00,19.17,0,0,0.0,0.0,0,0.0,0.0,0,0.0,0.0,0,0.0,0.0,0,0.0,0.0,0,0.0,0.0,0,0.0,0.0,0,0.0,0.0,0,0.0,0.0,0,0.0,0.0,0,0.0,0.0,0,0.0,0.0,0.0,0.0
CRCL,5m,5,2025-06-17 13:40:00,147.45,2025-06-23 15:55:00,263.45,261,5,40.0,0.447137086574456,5,20.0,-0.15132608536065545,5,20.0,-1.4190517863292007,5,20.0,-0.5694222381280027,5,40.0,0.3387345338308991,5,60.0,1.6886673177008595,5,80.0,4.833215123894232,5,80.0,6.97134797307092,5,80.0,10.377024364643717,5,80.0,12.62257690636645,5,80.0,15.779109787150603,5,100.0,31.06387545960977,52.67481432879545,-8.387616267936004
CRCL,10m,0,,,2025-06-23 15:50:00,263.45,0,0,0.0,0.0,0,0.0,0.0,0,0.0,0.0,0,0.0,0.0,0,0.0,0.0,0,0.0,0.0,0,0.0,0.0,0,0.0,0.0,0,0.0,0.0,0,0.0,0.0,0,0.0,0.0,0,0.0,0.0,0.0,0.0
CRCL,15m,0,,,2025-06-23 15:45:00,263.45,0,0,0.0,0.0,0,0.0,0.0,0,0.0,0.0,0,0.0,0.0,0,0.0,0.0,0,0.0,0.0,0,0.0,0.0,0,0.0,0.0,0,0.0,0.0,0,0.0,0.0,0,0.0,0.0,0,0.0,0.0,0.0,0.0
CRCL,30m,0,,,2025-06-23 15:30:00,263.45,0,0,0.0,0.0,0,0.0,0.0,0,0.0,0.0,0,0.0,0.0,0,0.0,0.0,0,0.0,0.0,0,0.0,0.0,0,0.0,0.0,0,0.0,0.0,0,0.0,0.0,0,0.0,0.0,0,0.0,0.0,0.0,0.0
CRCL,1h,0,,,2025-06-23 15:30:00,263.45,0,0,0.0,0.0,0,0.0,0.0,0,0.0,0.0,0,0.0,0.0,0,0.0,0.0,0,0.0,0.0,0,0.0,0.0,0,0.0,0.0,0,0.0,0.0,0,0.0,0.0,0,0.0,0.0,0,0.0,0.0,0.0,0.0
CRCL,2h,0,,,2025-06-23 15:30:00,263.45,0,0,0.0,0.0,0,0.0,0.0,0,0.0,0.0,0,0.0,0.0,0,0.0,0.0,0,0.0,0.0,0,0.0,0.0,0,0.0,0.0,0,0.0,0.0,0,0.0,0.0,0,0.0,0.0,0,0.0,0.0,0.0,0.0
CRCL,3h,0,,,2025-06-23 15:30:00,263.45,0,0,0.0,0.0,0,0.0,0.0,0,0.0,0.0,0,0.0,0.0,0,0.0,0.0,0,0.0,0.0,0,0.0,0.0,0,0.0,0.0,0,0.0,0.0,0,0.0,0.0,0,0.0,0.0,0,0.0,0.0,0.0,0.0
CRCL,4h,0,,,2025-06-23 13:30:00,263.45,0,0,0.0,0.0,0,0.0,0.0,0,0.0,0.0,0,0.0,0.0,0,0.0,0.0,0,0.0,0.0,0,0.0,0.0,0,0.0,0.0,0,0.0,0.0,0,0.0,0.0,0,0.0,0.0,0,0.0,0.0,0.0,0.0
CRCL,1d,0,,,2025-06-23 00:00:00,263.45,0,0,0.0,0.0,0,0.0,0.0,0,0.0,0.0,0,0.0,0.0,0,0.0,0.0,0,0.0,0.0,0,0.0,0.0,0,0.0,0.0,0,0.0,0.0,0,0.0,0.0,0,0.0,0.0,0,0.0,0.0,0.0,0.0
CRCL,1w,0,,,2025-06-29 00:00:00,263.45,0,0,0.0,0.0,0,0.0,0.0,0,0.0,0.0,0,0.0,0.0,0,0.0,0.0,0,0.0,0.0,0,0.0,0.0,0,0.0,0.0,0,0.0,0.0,0,0.0,0.0,0,0.0,0.0,0,0.0,0.0,0.0,0.0
CRWV,5m,10,2025-06-12 10:40:00,147.12,2025-06-23 15:55:00,173.56,531,10,50.0,0.10075766134609083,10,80.0,0.30719543930033233,10,70.0,0.021435225354152432,10,60.0,1.5541742842396435,10,70.0,2.8349562720470685,10,70.0,2.3106821325540765,10,80.0,2.2971961869295083,10,90.0,3.2047603448682183,10,90.0,2.8174039739191956,10,100.0,2.1067259046042586,10,60.0,0.8118130281844973,10,80.0,4.813842486978909,17.855273134479745,-4.8494253674330405
CRWV,10m,3,2025-06-12 10:20:00,147.4,2025-06-23 15:50:00,173.56,267,3,33.33333333333333,-0.1576828391660795,3,66.66666666666666,0.021524932316472383,3,100.0,3.110912774368451,3,66.66666666666666,1.66251630831524,3,100.0,2.0571932240416184,3,100.0,2.0411003414817475,3,100.0,1.999738486667902,3,66.66666666666666,1.3002920991015638,3,100.0,6.233829132748795,3,100.0,8.043169357558074,3,100.0,8.23238654365888,3,100.0,8.303024646407087,17.561253737311723,-0.8730758728995517
CRWV,15m,0,,,2025-06-23 15:45:00,173.56,0,0,0.0,0.0,0,0.0,0.0,0,0.0,0.0,0,0.0,0.0,0,0.0,0.0,0,0.0,0.0,0,0.0,0.0,0,0.0,0.0,0,0.0,0.0,0,0.0,0.0,0,0.0,0.0,0,0.0,0.0,0.0,0.0
CRWV,30m,0,,,2025-06-23 15:30:00,173.56,0,0,0.0,0.0,0,0.0,0.0,0,0.0,0.0,0,0.0,0.0,0,0.0,0.0,0,0.0,0.0,0,0.0,0.0,0,0.0,0.0,0,0.0,0.0,0,0.0,0.0,0,0.0,0.0,0,0.0,0.0,0.0,0.0
CRWV,1h,1,2025-04-16 14:30:00,39.91,2025-06-23 15:30:00,173.56,316,1,0.0,-1.1150080093349686,1,0.0,-0.6264094235926457,1,0.0,-10.749188002829623,1,0.0,-11.250317453353594,1,0.0,-2.544721375600294,1,100.0,1.7539482977092604,1,100.0,8.494110254596395,1,100.0,6.602351119036812,1,100.0,5.562518740142458,1,100.0,2.0922051808196143,1,100.0,28.489097908683735,1,100.0,36.53520346215082,36.53520346215082,-11.250317453353594
CRWV,2h,0,,,2025-06-23 15:30:00,173.56,0,0,0.0,0.0,0,0.0,0.0,0,0.0,0.0,0,0.0,0.0,0,0.0,0.0,0,0.0,0.0,0,0.0,0.0,0,0.0,0.0,0,0.0,0.0,0,0.0,0.0,0,0.0,0.0,0,0.0,0.0,0.0,0.0
CRWV,3h,0,,,2025-06-23 15:30:00,173.56,0,0,0.0,0.0,0,0.0,0.0,0,0.0,0.0,0,0.0,0.0,0,0.0,0.0,0,0.0,0.0,0,0.0,0.0,0,0.0,0.0,0,0.0,0.0,0,0.0,0.0,0,0.0,0.0,0,0.0,0.0,0.0,0.0
CRWV,4h,0,,,2025-06-23 13:30:00,173.56,0,0,0.0,0.0,0,0.0,0.0,0,0.0,0.0,0,0.0,0.0,0,0.0,0.0,0,0.0,0.0,0,0.0,0.0,0,0.0,0.0,0,0.0,0.0,0,0.0,0.0,0,0.0,0.0,0,0.0,0.0,0.0,0.0
CRWV,1d,0,,,2025-06-23 00:00:00,173.68,0,0,0.0,0.0,0,0.0,0.0,0,0.0,0.0,0,0.0,0.0,0,0.0,0.0,0,0.0,0.0,0,0.0,0.0,0,0.0,0.0,0,0.0,0.0,0,0.0,0.0,0,0.0,0.0,0,0.0,0.0,0.0,0.0
CRWV,1w,0,,,2025-06-29 00:00:00,173.68,0,0,0.0,0.0,0,0.0,0.0,0,0.0,0.0,0,0.0,0.0,0,0.0,0.0,0,0.0,0.0,0,0.0,0.0,0,0.0,0.0,0,0.0,0.0,0,0.0,0.0,0,0.0,0.0,0,0.0,0.0,0.0,0.0
